# Matter power spectrum P(k) at redshift z=0
# for k=1.01198e-05 to 9.23641 h/Mpc,
# number of wavenumbers equal to 601
#    1:k (h/Mpc)              2:P (Mpc/h)^3        
       1.011975468079e-05       5.451336277426e+01 
       2.326715855700e-05       1.222901146980e+02 
       3.646120667763e-05       1.891783677849e+02 
       4.973888165243e-05       2.558764002635e+02 
       6.313778917950e-05       3.228157275195e+02 
       7.669650732301e-05       3.903443536968e+02 
       9.045494721183e-05       4.587781731042e+02 
       1.044547301479e-04       5.284227970830e+02 
       1.187395861501e-04       5.995855948212e+02 
       1.333557789933e-04       6.725837261385e+02 
       1.483525628038e-04       7.477504301057e+02 
       1.637826751846e-04       8.254404717152e+02 
       1.797028716077e-04       9.060352581153e+02 
       1.961745053314e-04       9.899477896225e+02 
       2.132641562472e-04       1.077627538425e+03 
       2.310443106797e-04       1.169565268277e+03 
       2.495940920237e-04       1.266297539103e+03 
       2.690000389309e-04       1.368410824626e+03 
       2.893569232064e-04       1.476544564147e+03 
       3.107685932198e-04       1.591392888863e+03 
       3.333488200106e-04       1.713703902236e+03 
       3.572221118731e-04       1.844275681494e+03 
       3.825244486274e-04       1.983947634516e+03 
       4.094038687941e-04       2.133585596157e+03 
       4.380208217040e-04       2.294059779370e+03 
       4.685481731847e-04       2.466213856695e+03 
       5.011707300292e-04       2.650826353579e+03 
       5.360841288428e-04       2.848565840248e+03 
       5.734929250018e-04       3.059946298993e+03 
       6.136077254008e-04       3.285292223048e+03 
       6.566412439401e-04       3.524729702467e+03 
       7.028032304230e-04       3.778219015891e+03 
       7.522943371210e-04       4.045645334026e+03 
       8.052991398900e-04       4.326967812782e+03 
       8.619787067654e-04       4.622403152179e+03 
       9.224632758874e-04       4.932584226385e+03 
       9.868457239808e-04       5.258606337819e+03 
       1.055176532381e-03       5.601873183943e+03 
       1.127460859782e-03       5.963714951483e+03 
       1.203658109225e-03       6.344862171647e+03 
       1.283684067901e-03       6.744987788906e+03 
       1.367415367871e-03       7.162584263605e+03 
       1.454695738056e-03       7.595314636361e+03 
       1.545343350094e-03       8.040807108410e+03 
       1.639158525580e-03       8.497309237110e+03 
       1.735931155277e-03       8.963936322974e+03 
       1.835447341739e-03       9.440255888331e+03 
       1.937494966937e-03       9.925548709104e+03 
       2.041868064896e-03       1.041834040963e+04 
       2.148370020462e-03       1.091659384864e+04 
       2.256815709744e-03       1.141839386461e+04 
       2.367032748357e-03       1.192251690474e+04 
       2.478862029461e-03       1.242839553820e+04 
       2.592157726065e-03       1.293556575260e+04 
       2.706786911188e-03       1.344315759167e+04 
       2.822628922914e-03       1.394991504956e+04 
       2.939574574328e-03       1.445467919646e+04 
       3.057525283676e-03       1.495679226909e+04 
       3.176392179180e-03       1.545601647802e+04 
       3.296095216128e-03       1.595209482836e+04 
       3.416562330900e-03       1.644444346765e+04 
       3.537728646837e-03       1.693229813162e+04 
       3.659535739939e-03       1.741509001941e+04 
       3.781930967422e-03       1.789263705184e+04 
       3.904866858908e-03       1.836491828473e+04 
       4.028300567879e-03       1.883175095484e+04 
       4.152193379777e-03       1.929270693780e+04 
       4.276510272450e-03       1.974736602830e+04 
       4.401219524360e-03       2.019557108125e+04 
       4.526292365996e-03       2.063738723675e+04 
       4.651702670080e-03       2.107284053732e+04 
       4.777426676432e-03       2.150176068031e+04 
       4.903442747687e-03       2.192385607737e+04 
       5.029731152384e-03       2.233898132698e+04 
       5.156273872302e-03       2.274722384956e+04 
       5.283054431235e-03       2.314871535141e+04 
       5.410057742729e-03       2.354343568461e+04 
       5.537269974537e-03       2.393121648939e+04 
       5.664678427872e-03       2.431193906670e+04 
       5.792271429705e-03       2.468566927284e+04 
       5.920038236604e-03       2.505258372417e+04 
       6.047968948773e-03       2.541275468940e+04 
       6.176054433116e-03       2.576613646428e+04 
       6.304286254288e-03       2.611260923261e+04 
       6.432656612835e-03       2.645222876610e+04 
       6.561158289614e-03       2.678516470259e+04 
       6.689784595796e-03       2.711156171122e+04 
       6.818529327833e-03       2.743142245120e+04 
       6.947386726840e-03       2.774468719593e+04 
       7.076351441922e-03       2.805138219938e+04 
       7.205418497004e-03       2.835164220905e+04 
       7.334583260816e-03       2.864564125598e+04 
       7.463841419672e-03       2.893344158083e+04 
       7.593188952778e-03       2.921501699825e+04 
       7.722622109788e-03       2.949037579128e+04 
       7.852137390389e-03       2.975963495395e+04 
       7.981731525711e-03       3.002295947768e+04 
       8.111401461377e-03       3.028044374782e+04 
       8.241144342022e-03       3.053210567270e+04 
       8.370957497162e-03       3.077794121150e+04 
       8.500838428253e-03       3.101802581354e+04 
       8.630784796853e-03       3.125253230045e+04 
       8.760794413763e-03       3.148157077077e+04 
       8.890865229068e-03       3.170517914405e+04 
       9.020995322988e-03       3.192336092472e+04 
       9.151182897470e-03       3.213616000872e+04 
       9.281426268453e-03       3.234372042374e+04 
       9.411723858743e-03       3.254616376057e+04 
       9.542074191446e-03       3.274354121710e+04 
       9.672475883914e-03       3.293587482044e+04 
       9.802927642153e-03       3.312319108675e+04 
       9.933428255662e-03       3.330560313399e+04 
       1.006397659265e-02       3.348322517001e+04 
       1.019457159565e-02       3.365612236298e+04 
       1.032521227737e-02       3.382432622232e+04 
       1.045589771699e-02       3.398786994798e+04 
       1.058662705656e-02       3.414682111115e+04 
       1.071739949785e-02       3.430128722496e+04 
       1.084821429923e-02       3.445135169293e+04 
       1.097907077295e-02       3.459703009182e+04 
       1.110996828248e-02       3.473839328407e+04 
       1.124090624015e-02       3.487545728378e+04 
       1.137188410483e-02       3.500831216286e+04 
       1.150290137994e-02       3.513705801650e+04 
       1.163395761142e-02       3.526172740928e+04 
       1.176505238600e-02       3.538236217762e+04 
       1.189618532947e-02       3.549898911478e+04 
       1.202735610514e-02       3.561168401288e+04 
       1.215856441241e-02       3.572053021165e+04 
       1.228980998541e-02       3.582558831294e+04 
       1.242109259171e-02       3.592688077301e+04 
       1.255241203124e-02       3.602443451578e+04 
       1.268376813513e-02       3.611831356930e+04 
       1.281516076475e-02       3.620860377929e+04 
       1.294658981076e-02       3.629534804534e+04 
       1.307805519228e-02       3.637858155989e+04 
       1.320955685603e-02       3.645832612613e+04 
       1.334109477566e-02       3.653463387145e+04 
       1.347266895103e-02       3.660758610717e+04 
       1.360427940759e-02       3.667721544780e+04 
       1.373592619579e-02       3.674356611010e+04 
       1.386760939056e-02       3.680666875857e+04 
       1.399932909083e-02       3.686655697563e+04 
       1.413108541906e-02       3.692331050290e+04 
       1.426287852086e-02       3.697693644716e+04 
       1.439470856461e-02       3.702751864230e+04 
       1.452657574112e-02       3.707505915296e+04 
       1.465848026336e-02       3.711959477941e+04 
       1.479042236615e-02       3.716119222648e+04 
       1.492240230598e-02       3.719987799487e+04 
       1.505442036077e-02       3.723570163838e+04 
       1.507842290024e-02       3.724190095445e+04 
       1.518647682969e-02       3.726869079388e+04 
       1.531857203306e-02       3.729887878521e+04 
       1.545070631215e-02       3.732628940803e+04 
       1.558288002916e-02       3.735099988987e+04 
       1.571509356709e-02       3.737302612562e+04 
       1.584734732972e-02       3.739243367422e+04 
       1.597964174157e-02       3.740916396520e+04 
       1.611197724791e-02       3.742335045768e+04 
       1.624435431475e-02       3.743498775941e+04 
       1.637677342891e-02       3.744411974446e+04 
       1.650923509803e-02       3.745079079682e+04 
       1.664173985069e-02       3.745500030894e+04 
       1.677428823650e-02       3.745681102370e+04 
       1.690688082617e-02       3.745624968247e+04 
       1.703951821169e-02       3.745334373928e+04 
       1.717220100647e-02       3.744813761904e+04 
       1.730492984549e-02       3.744065284764e+04 
       1.743770538549e-02       3.743092513517e+04 
       1.757052830518e-02       3.741896479264e+04 
       1.770339930546e-02       3.740484317562e+04 
       1.783631910967e-02       3.738855761941e+04 
       1.796928846378e-02       3.737018381231e+04 
       1.810230813676e-02       3.734970111483e+04 
       1.823537892078e-02       3.732715747408e+04 
       1.836850163155e-02       3.730258790039e+04 
       1.850167710865e-02       3.727603364536e+04 
       1.863490621584e-02       3.724748188855e+04 
       1.876818984143e-02       3.721700500475e+04 
       1.890152889866e-02       3.718460238221e+04 
       1.903492432606e-02       3.715035261570e+04 
       1.916837708788e-02       3.711419549769e+04 
       1.930188817451e-02       3.707629147554e+04 
       1.943545860289e-02       3.703652574218e+04 
       1.956908941701e-02       3.699500031314e+04 
       1.970278168836e-02       3.695176034127e+04 
       1.983653651644e-02       3.690678556700e+04 
       1.997035502924e-02       3.686012972076e+04 
       2.010423838380e-02       3.681183357702e+04 
       2.023818776677e-02       3.676187690153e+04 
       2.037220439493e-02       3.671031744724e+04 
       2.050628951583e-02       3.665720916180e+04 
       2.064044440837e-02       3.660244947071e+04 
       2.077467038346e-02       3.654629593410e+04 
       2.090896878462e-02       3.648858157556e+04 
       2.104334098870e-02       3.642944493291e+04 
       2.117778840656e-02       3.636879284856e+04 
       2.131231248378e-02       3.630676409459e+04 
       2.144691470141e-02       3.624330147384e+04 
       2.158159657672e-02       3.617846485449e+04 
       2.171635966400e-02       3.611227205065e+04 
       2.185120555539e-02       3.604479748080e+04 
       2.198613588168e-02       3.597597817714e+04 
       2.212115231321e-02       3.590597711033e+04 
       2.225625656074e-02       3.583462641725e+04 
       2.239145037640e-02       3.576204416300e+04 
       2.252673555459e-02       3.568833554525e+04 
       2.266211393302e-02       3.561336942587e+04 
       2.279758739368e-02       3.553728455916e+04 
       2.293315786388e-02       3.546003187863e+04 
       2.306882731736e-02       3.538175099950e+04 
       2.320459777535e-02       3.530234794138e+04 
       2.334047130774e-02       3.522185971365e+04 
       2.347645003426e-02       3.514033683644e+04 
       2.361253612568e-02       3.505776134322e+04 
       2.374873180508e-02       3.497420826255e+04 
       2.388503934911e-02       3.488969167826e+04 
       2.402146108935e-02       3.480418490311e+04 
       2.415799941370e-02       3.471765509712e+04 
       2.429465676775e-02       3.463039841977e+04 
       2.443143565628e-02       3.454214031674e+04 
       2.456833864476e-02       3.445299836398e+04 
       2.470536836089e-02       3.436304037086e+04 
       2.484252749626e-02       3.427225830935e+04 
       2.497981880795e-02       3.418060433241e+04 
       2.511724512027e-02       3.408815786996e+04 
       2.525480932654e-02       3.399495299302e+04 
       2.539251439089e-02       3.390100995332e+04 
       2.553036335019e-02       3.380634957105e+04 
       2.566835931594e-02       3.371084633363e+04 
       2.580650547635e-02       3.361473672447e+04 
       2.594480509837e-02       3.351786920080e+04 
       2.608326152987e-02       3.342036428526e+04 
       2.622187820185e-02       3.332225515341e+04 
       2.636065863074e-02       3.322344001497e+04 
       2.649960642080e-02       3.312410710803e+04 
       2.663872526653e-02       3.302409372728e+04 
       2.677801895528e-02       3.292352422439e+04 
       2.691749136982e-02       3.282238687240e+04 
       2.705714649111e-02       3.272066525911e+04 
       2.719698840110e-02       3.261846848100e+04 
       2.733702128564e-02       3.251571425932e+04 
       2.747724943752e-02       3.241254024605e+04 
       2.761767725961e-02       3.230877127567e+04 
       2.775830926809e-02       3.220470848903e+04 
       2.789915009579e-02       3.209991626816e+04 
       2.804020449574e-02       3.199489965946e+04 
       2.818147734473e-02       3.188937755395e+04 
       2.832297364707e-02       3.178343621097e+04 
       2.846469853851e-02       3.167716011162e+04 
       2.860665729021e-02       3.157035967099e+04 
       2.874885531300e-02       3.146344483453e+04 
       2.889129816170e-02       3.135597618723e+04 
       2.903399153960e-02       3.124824728766e+04 
       2.917694130323e-02       3.114020707030e+04 
       2.932015346713e-02       3.103182645001e+04 
       2.946363420902e-02       3.092320949483e+04 
       2.960738987501e-02       3.081417584797e+04 
       2.975142698506e-02       3.070487452463e+04 
       2.989575223874e-02       3.059536687490e+04 
       3.004037252112e-02       3.048561384330e+04 
       3.018529490892e-02       3.037565075642e+04 
       3.033052667700e-02       3.026535933225e+04 
       3.047607530501e-02       3.015497266812e+04 
       3.062194848438e-02       3.004435395295e+04 
       3.076815412561e-02       2.993351797414e+04 
       3.091470036580e-02       2.982240556938e+04 
       3.106159557662e-02       2.971126872768e+04 
       3.120884837255e-02       2.959989726403e+04 
       3.135646761947e-02       2.948848726820e+04 
       3.150446244368e-02       2.937679891298e+04 
       3.165284224129e-02       2.926504960070e+04 
       3.180161668805e-02       2.915314632290e+04 
       3.195079574959e-02       2.904110568871e+04 
       3.210038969221e-02       2.892896469294e+04 
       3.225040909407e-02       2.881672118444e+04 
       3.240086485697e-02       2.870438328867e+04 
       3.255176821866e-02       2.859199514703e+04 
       3.270313076574e-02       2.847959306712e+04 
       3.285496444719e-02       2.836704133640e+04 
       3.300728158854e-02       2.825453312012e+04 
       3.316009490674e-02       2.814178900736e+04 
       3.331341752577e-02       2.802911543222e+04 
       3.346726299302e-02       2.791644818591e+04 
       3.362164529652e-02       2.780368369650e+04 
       3.377657888301e-02       2.769091209972e+04 
       3.393207867698e-02       2.757816101232e+04 
       3.408816010069e-02       2.746535365647e+04 
       3.424483909518e-02       2.735254601105e+04 
       3.440213214254e-02       2.723978191473e+04 
       3.456005628920e-02       2.712694703027e+04 
       3.471862917062e-02       2.701420674485e+04 
       3.487786903728e-02       2.690140802252e+04 
       3.503779478210e-02       2.678872377432e+04 
       3.519842596940e-02       2.667598367259e+04 
       3.535978286554e-02       2.656322240804e+04 
       3.552188647130e-02       2.645064276374e+04 
       3.568475855605e-02       2.633803902637e+04 
       3.584842169409e-02       2.622542519767e+04 
       3.601289930301e-02       2.611284102539e+04 
       3.617821568437e-02       2.600038593255e+04 
       3.634439606692e-02       2.588786996990e+04 
       3.651146665243e-02       2.577546538361e+04 
       3.667945466431e-02       2.566315503192e+04 
       3.684838839941e-02       2.555091054170e+04 
       3.701829728306e-02       2.543866186876e+04 
       3.718921192760e-02       2.532646894457e+04 
       3.736116419487e-02       2.521431469502e+04 
       3.753418726272e-02       2.510223257053e+04 
       3.770831569603e-02       2.499021169042e+04 
       3.788358552252e-02       2.487820962691e+04 
       3.806003431384e-02       2.476627058743e+04 
       3.823770127226e-02       2.465438981614e+04 
       3.841662732346e-02       2.454258655261e+04 
       3.859685521607e-02       2.443079708423e+04 
       3.877842962835e-02       2.431908278874e+04 
       3.896139728278e-02       2.420744970363e+04 
       3.914580706918e-02       2.409582410793e+04 
       3.933171017721e-02       2.398428857638e+04 
       3.951916023901e-02       2.387271384204e+04 
       3.970821348304e-02       2.376123977943e+04 
       3.989892890006e-02       2.364975659843e+04 
       4.009136842250e-02       2.353821458880e+04 
       4.028559711848e-02       2.342681035405e+04 
       4.048168340196e-02       2.331537366203e+04 
       4.067969926054e-02       2.320397252587e+04 
       4.087972050290e-02       2.309253952352e+04 
       4.108182702772e-02       2.298113296818e+04 
       4.128610311643e-02       2.286958754983e+04 
       4.149263775234e-02       2.275815086751e+04 
       4.170152496907e-02       2.264665104560e+04 
       4.191286423134e-02       2.253505609592e+04 
       4.212676085204e-02       2.242348571278e+04 
       4.234332644948e-02       2.231183546621e+04 
       4.256267944972e-02       2.220008780849e+04 
       4.278494563918e-02       2.208826903634e+04 
       4.301025877369e-02       2.197626362540e+04 
       4.323876125101e-02       2.186424928750e+04 
       4.347060485465e-02       2.175204302347e+04 
       4.370595157822e-02       2.163967339838e+04 
       4.394497454094e-02       2.152714576585e+04 
       4.418785900621e-02       2.141445925730e+04 
       4.443480351761e-02       2.130152515070e+04 
       4.468602116831e-02       2.118837501311e+04 
       4.494174102313e-02       2.107500547977e+04 
       4.520220971522e-02       2.096125051016e+04 
       4.546769324325e-02       2.084719367161e+04 
       4.573847899963e-02       2.073289766007e+04 
       4.601487806541e-02       2.061816822615e+04 
       4.629722781425e-02       2.050305215913e+04 
       4.658589487565e-02       2.038750821994e+04 
       4.688127851711e-02       2.027140884895e+04 
       4.718381451652e-02       2.015487337919e+04 
       4.749397961045e-02       2.003766346245e+04 
       4.781229662115e-02       1.991987996218e+04 
       4.813934038681e-02       1.980143879376e+04 
       4.847574464616e-02       1.968227436574e+04 
       4.882221006153e-02       1.956220570787e+04 
       4.917951360565e-02       1.944129560984e+04 
       4.954851958948e-02       1.931944641670e+04 
       4.993019267310e-02       1.919647525474e+04 
       5.032561328399e-02       1.907233091236e+04 
       5.073599597121e-02       1.894696158012e+04 
       5.116271135622e-02       1.882013679668e+04 
       5.160731250965e-02       1.869173007107e+04 
       5.207156679812e-02       1.856163021778e+04 
       5.255749451915e-02       1.842956724447e+04 
       5.306741598948e-02       1.829529814368e+04 
       5.360400919051e-02       1.815862579267e+04 
       5.417038062027e-02       1.801912973322e+04 
       5.477015266368e-02       1.787648131102e+04 
       5.540757156580e-02       1.773021483805e+04 
       5.608764092135e-02       1.757973392524e+04 
       5.681628632806e-02       1.742427628295e+04 
       5.760055713659e-02       1.726305281146e+04 
       5.844887031000e-02       1.709469709890e+04 
       5.937129775708e-02       1.691786677055e+04 
       6.037988921866e-02       1.673048498602e+04 
       6.148900264029e-02       1.652987068582e+04 
       6.271557444108e-02       1.631255003718e+04 
       6.407919167576e-02       1.607379954049e+04 
       6.560171812288e-02       1.580730525940e+04 
       6.730609201373e-02       1.550501195178e+04 
       6.921384175686e-02       1.515712242519e+04 
       7.134107663793e-02       1.475274577500e+04 
       7.369349763215e-02       1.428199562063e+04 
       7.626229003014e-02       1.373910829528e+04 
       7.902355471531e-02       1.312614960725e+04 
       8.194261544311e-02       1.245521115415e+04 
       8.498140534256e-02       1.174763739952e+04 
       8.810522951408e-02       1.103046636551e+04 
       9.128642133053e-02       1.033168177660e+04 
       9.450490975897e-02       9.676002444979e+03 
       9.774704448537e-02       9.082134619170e+03 
       1.010039285154e-01       8.561542042096e+03 
       1.042699188007e-01       8.118432319252e+03 
       1.075414967968e-01       7.750595661510e+03 
       1.108164916575e-01       7.450649467872e+03 
       1.140935726048e-01       7.207397064880e+03 
       1.173719269587e-01       7.007236811076e+03 
       1.206510595134e-01       6.835505657563e+03 
       1.239306688483e-01       6.677793214651e+03 
       1.272105715559e-01       6.521222888090e+03 
       1.304906560027e-01       6.355473182997e+03 
       1.337708541773e-01       6.173624286540e+03 
       1.370511245740e-01       5.972527094930e+03 
       1.403314417935e-01       5.752719269765e+03 
       1.436117902289e-01       5.517890776705e+03 
       1.468921602304e-01       5.274028843296e+03 
       1.501725457779e-01       5.028376965542e+03 
       1.534529430665e-01       4.788421465945e+03 
       1.567333496475e-01       4.560974903429e+03 
       1.600137639061e-01       4.351543497920e+03 
       1.632941847432e-01       4.163881916851e+03 
       1.665746113818e-01       3.999857135730e+03 
       1.698550432486e-01       3.859478939904e+03 
       1.731354799011e-01       3.741117628668e+03 
       1.764159209831e-01       3.641822810307e+03 
       1.796963661972e-01       3.557713141767e+03 
       1.829768152871e-01       3.484381715834e+03 
       1.862572680267e-01       3.417367573375e+03 
       1.895377242130e-01       3.353319294863e+03 
       1.928181836614e-01       3.287574531980e+03 
       1.960986462024e-01       3.217322111888e+03 
       1.993791116795e-01       3.140840677562e+03 
       2.026595799474e-01       3.057670734531e+03 
       2.059400508705e-01       2.968426230045e+03 
       2.092205243225e-01       2.874679486789e+03 
       2.125010001850e-01       2.778572678329e+03 
       2.157814783469e-01       2.682494718357e+03 
       2.190619587042e-01       2.588760336410e+03 
       2.223424411587e-01       2.499386814231e+03 
       2.256229256184e-01       2.415944973289e+03 
       2.289034119964e-01       2.339509849865e+03 
       2.321839002107e-01       2.270640255336e+03 
       2.354643901842e-01       2.209382875203e+03 
       2.387448818437e-01       2.155310971205e+03 
       2.420253751202e-01       2.107585257911e+03 
       2.453058699486e-01       2.065026347086e+03 
       2.485863662668e-01       2.026258499701e+03 
       2.518668640163e-01       1.989847203547e+03 
       2.551473631415e-01       1.954430682228e+03 
       2.584278635898e-01       1.918865248868e+03 
       2.617083653111e-01       1.882296097061e+03 
       2.649888682577e-01       1.844191102543e+03 
       2.682693723846e-01       1.804346741625e+03 
       2.715498776485e-01       1.762853608995e+03 
       2.748303840087e-01       1.720065576817e+03 
       2.781108914260e-01       1.676535771450e+03 
       2.813913998633e-01       1.632956408427e+03 
       2.846719092851e-01       1.590062777584e+03 
       2.879524196576e-01       1.548578858960e+03 
       2.912329309484e-01       1.509108389646e+03 
       2.945134431268e-01       1.472085714060e+03 
       2.977939561632e-01       1.437737953882e+03 
       3.010744700293e-01       1.406098556633e+03 
       3.043549846984e-01       1.377022421379e+03 
       3.076355001444e-01       1.350232104362e+03 
       3.109160163428e-01       1.325360868375e+03 
       3.141965332698e-01       1.301997631288e+03 
       3.174770509026e-01       1.279710352870e+03 
       3.207575692197e-01       1.258081900231e+03 
       3.240380882000e-01       1.236733859912e+03 
       3.273186078234e-01       1.215356936981e+03 
       3.305991280709e-01       1.193735507635e+03 
       3.338796489239e-01       1.171763156121e+03 
       3.371601703646e-01       1.149443718638e+03 
       3.404406923759e-01       1.126876148998e+03 
       3.437212149415e-01       1.104226561006e+03 
       3.470017380456e-01       1.081700418618e+03 
       3.502822616729e-01       1.059504066153e+03 
       3.535627858088e-01       1.037841760502e+03 
       3.568433104393e-01       1.016879312537e+03 
       3.601238355507e-01       9.967603838499e+02 
       3.634043611299e-01       9.775792524391e+02 
       3.666848871645e-01       9.593829066567e+02 
       3.699654136421e-01       9.421699182124e+02 
       3.732459405511e-01       9.258757094653e+02 
       3.765264678801e-01       9.103942933622e+02 
       3.798069956182e-01       8.955855497308e+02 
       3.830875237549e-01       8.812991522934e+02 
       3.863680522799e-01       8.673945677988e+02 
       3.896485811834e-01       8.537474445142e+02 
       3.929291104559e-01       8.402659005334e+02 
       3.962096400882e-01       8.268828821660e+02 
       3.994901700714e-01       8.135592387644e+02 
       4.027707003968e-01       8.002812145326e+02 
       4.060512310562e-01       7.870539704304e+02 
       4.093317620414e-01       7.739042789298e+02 
       4.126122933448e-01       7.608766205652e+02 
       4.158928249587e-01       7.480295280334e+02 
       4.191733568757e-01       7.354248800342e+02 
       4.224538890889e-01       7.231217997609e+02 
       4.257344215914e-01       7.111621183854e+02 
       4.290149543764e-01       6.995735822987e+02 
       4.322954874375e-01       6.883654288192e+02 
       4.355760207685e-01       6.775337171921e+02 
       4.388565543633e-01       6.670655710958e+02 
       4.421370882159e-01       6.569440484031e+02 
       4.454176223208e-01       6.471455039685e+02 
       4.486981566723e-01       6.376396987085e+02 
       4.519786912650e-01       6.283906214877e+02 
       4.552592260937e-01       6.193569301954e+02 
       4.585397611533e-01       6.104972847116e+02 
       4.618202964389e-01       6.017760880458e+02 
       4.651008319457e-01       5.931666494026e+02 
       4.683813676690e-01       5.846548484443e+02 
       4.716619036043e-01       5.762357243079e+02 
       4.749424397471e-01       5.679122982982e+02 
       4.782229760933e-01       5.596915192378e+02 
       4.815035126385e-01       5.515823175835e+02 
       4.847840493788e-01       5.435950958253e+02 
       4.880645863103e-01       5.357430495110e+02 
       4.913451234290e-01       5.280417151451e+02 
       4.946256607313e-01       5.205075567594e+02 
       4.979061982134e-01       5.131556977322e+02 
       5.011867358719e-01       5.059942374748e+02 
       5.044672737033e-01       4.990246803641e+02 
       5.077478117043e-01       4.922401200394e+02 
       5.110283498715e-01       4.856273073324e+02 
       5.143088882018e-01       4.791705091487e+02 
       5.175894266921e-01       4.728545241666e+02 
       5.208699653392e-01       4.666655551272e+02 
       5.241505041404e-01       4.605921587967e+02 
       5.274310430926e-01       4.546237075662e+02 
       5.307115821932e-01       4.487498895398e+02 
       5.339921214393e-01       4.429611503100e+02 
       5.372726608282e-01       4.372500042771e+02 
       5.405532003574e-01       4.316128455655e+02 
       5.438337400243e-01       4.260507098903e+02 
       5.471142798264e-01       4.205685809953e+02 
       5.503948197614e-01       4.151721092548e+02 
       5.536753598268e-01       4.098677561472e+02 
       5.569559000203e-01       4.046601006600e+02 
       5.602364403396e-01       3.995500111211e+02 
       5.635169807826e-01       3.945359532157e+02 
       5.667975213472e-01       3.896169529998e+02 
       5.700780620311e-01       3.847926295376e+02 
       5.733586028324e-01       3.800613565240e+02 
       5.766391437490e-01       3.754239182628e+02 
       5.799196847790e-01       3.708786487357e+02 
       5.832002259205e-01       3.664209311460e+02 
       5.864807671715e-01       3.620447626365e+02 
       5.897613085303e-01       3.577434606964e+02 
       5.930418499951e-01       3.535114986716e+02 
       5.963223915640e-01       3.493451099000e+02 
       5.996029332355e-01       3.452424783458e+02 
       6.028834750077e-01       3.412027544504e+02 
       6.061640168792e-01       3.372249930885e+02 
       6.094445588482e-01       3.333074746291e+02 
       6.127251009131e-01       3.294480740699e+02 
       6.160056430726e-01       3.256442695207e+02 
       6.192861853249e-01       3.218952629128e+02 
       6.225667276688e-01       3.182013944827e+02 
       6.258472701027e-01       3.145644351710e+02 
       6.291278126252e-01       3.109868171373e+02 
       6.324083552350e-01       3.074700342756e+02 
       6.356888979306e-01       3.040132657493e+02 
       6.389694407108e-01       3.006153001683e+02 
       6.422499835743e-01       2.972734439814e+02 
       6.455305265197e-01       2.939851979617e+02 
       6.488110695459e-01       2.907492339710e+02 
       6.520916126516e-01       2.875649046037e+02 
       6.553721558356e-01       2.844318574935e+02 
       6.586526990968e-01       2.813490855236e+02 
       6.619332424340e-01       2.783144870290e+02 
       6.652137858460e-01       2.753251973795e+02 
       6.684943293318e-01       2.723783499488e+02 
       6.717748728903e-01       2.694722133928e+02 
       6.750554165204e-01       2.666057135991e+02 
       6.783359602211e-01       2.637797461154e+02 
       6.816165039914e-01       2.609946141720e+02 
       6.848970478302e-01       2.582508765423e+02 
       6.881775917366e-01       2.555476151724e+02 
       6.914581357096e-01       2.528837236036e+02 
       6.947386797482e-01       2.502570342262e+02 
       6.980192238516e-01       2.476670912329e+02 
       7.012997680188e-01       2.451138263509e+02 
       7.045803122490e-01       2.425976864545e+02 
       7.078608565412e-01       2.401194897937e+02 
       7.111414008946e-01       2.376790001831e+02 
       7.144219453083e-01       2.352752619661e+02 
       7.177024897816e-01       2.329064897509e+02 
       7.209830343135e-01       2.305708208516e+02 
       7.242635789034e-01       2.282671831146e+02 
       7.275441235504e-01       2.259947331330e+02 
       7.308246682537e-01       2.237536124378e+02 
       7.889309091826e-01       1.887166461910e+02 
       8.678296705045e-01       1.523312637721e+02 
       9.854556829441e-01       1.141060896327e+02 
       1.175548489330e+00       7.596902151905e+01 
       1.464494963501e+00       4.536230527998e+01 
       1.842911803127e+00       2.620563647946e+01 
       2.320080176033e+00       1.499138183671e+01 
       2.920807875310e+00       8.508380063370e+00 
       3.677079257192e+00       4.794192134051e+00 
       4.629168518060e+00       2.683761700769e+00 
       5.827777882864e+00       1.493412349685e+00 
       7.336737671029e+00       8.265047681382e-01 
       9.236405493726e+00       4.551218903668e-01 
