# Matter power spectrum P(k) at redshift z=0
# for k=1.025e-05 to 8.04293 h/Mpc,
# number of wavenumbers equal to 609
#    1:k (h/Mpc)              2:P (Mpc/h)^3        
       1.025001547790e-05       5.023207985795e+01 
       2.310468890011e-05       1.105212728946e+02 
       3.600390947531e-05       1.699853533476e+02 
       4.898224049633e-05       2.291992229578e+02 
       6.207481045617e-05       2.885081141082e+02 
       7.531762500668e-05       3.481828005620e+02 
       8.874788879796e-05       4.084632932659e+02 
       1.024043414654e-04       4.695770619694e+02 
       1.163276120633e-04       5.317486933596e+02 
       1.305605962777e-04       5.952060255210e+02 
       1.451488607592e-04       6.601846699511e+02 
       1.601410788592e-04       7.268604413032e+02 
       1.755895018831e-04       7.956230788656e+02 
       1.915504696170e-04       8.666940765282e+02 
       2.080849632480e-04       9.403743239335e+02 
       2.252592027536e-04       1.016988929150e+03 
       2.431452892225e-04       1.096890267302e+03 
       2.618218901673e-04       1.180460980245e+03 
       2.813749624416e-04       1.268116763681e+03 
       3.018985025529e-04       1.360308808398e+03 
       3.234953076009e-04       1.457525597360e+03 
       3.462777213715e-04       1.560293758551e+03 
       3.703683289081e-04       1.669177528321e+03 
       3.959005489001e-04       1.784776198472e+03 
       4.230190564848e-04       1.907719119810e+03 
       4.518799500321e-04       2.038657428643e+03 
       4.826505554567e-04       2.178252117185e+03 
       5.155087430002e-04       2.327158522936e+03 
       5.506416181885e-04       2.486007330890e+03 
       5.882434464500e-04       2.655384128238e+03 
       6.285126868565e-04       2.835810208418e+03 
       6.716480524307e-04       3.027729166424e+03 
       7.178435889560e-04       3.231504053129e+03 
       7.672828733757e-04       3.447429990085e+03 
       8.201325708311e-04       3.675762258175e+03 
       8.765357391536e-04       3.916753970183e+03 
       9.366054026550e-04       4.170686873052e+03 
       1.000418997422e-03       4.437872032400e+03 
       1.068014284350e-03       4.718597246452e+03 
       1.139387215251e-03       5.013013980426e+03 
       1.214492028991e-03       5.320988419739e+03 
       1.293243585070e-03       5.641974588399e+03 
       1.375521667728e-03       5.974964894371e+03 
       1.461176773566e-03       6.318641996287e+03 
       1.550036771621e-03       6.671598560780e+03 
       1.641913810376e-03       7.032546550028e+03 
       1.736610925723e-03       7.400451818636e+03 
       1.833927943374e-03       7.774469493222e+03 
       1.933666429510e-03       8.153754729037e+03 
       2.035633592258e-03       8.537302888740e+03 
       2.139645154089e-03       8.923951009354e+03 
       2.245527294190e-03       9.312543907870e+03 
       2.353117802744e-03       9.702129208192e+03 
       2.462266603221e-03       1.009202070596e+04 
       2.572835793267e-03       1.048168902132e+04 
       2.684699337856e-03       1.087058755350e+04 
       2.797742526304e-03       1.125808146152e+04 
       2.911861281928e-03       1.164351208447e+04 
       3.026961392040e-03       1.202635200827e+04 
       3.142957707884e-03       1.240625535975e+04 
       3.259773349387e-03       1.278298873677e+04 
       3.377338938029e-03       1.315629214443e+04 
       3.495591872457e-03       1.352583725792e+04 
       3.614475655047e-03       1.389129009692e+04 
       3.733939273075e-03       1.425241204974e+04 
       3.853936635052e-03       1.460908584959e+04 
       3.974426060708e-03       1.496124020390e+04 
       4.095369821845e-03       1.530876116076e+04 
       4.216733730524e-03       1.565148265916e+04 
       4.338486770747e-03       1.598924168910e+04 
       4.460600769688e-03       1.632197412160e+04 
       4.583050104622e-03       1.664967889792e+04 
       4.705811441900e-03       1.697235680389e+04 
       4.828863504566e-03       1.728996923738e+04 
       4.952186865484e-03       1.760241995197e+04 
       5.075763763157e-03       1.790966487204e+04 
       5.199577937666e-03       1.821171880244e+04 
       5.323614484453e-03       1.850863810163e+04 
       5.447859723915e-03       1.880045108498e+04 
       5.572301084988e-03       1.908712959945e+04 
       5.696927001136e-03       1.936865188594e+04 
       5.821726817313e-03       1.964502821752e+04 
       5.946690706662e-03       1.991632176777e+04 
       6.071809595837e-03       2.018260782854e+04 
       6.197075097987e-03       2.044390740023e+04 
       6.322479452535e-03       2.070021501793e+04 
       6.448015471001e-03       2.095154638084e+04 
       6.573676488204e-03       2.119795186149e+04 
       6.699456318254e-03       2.143951204783e+04 
       6.825349214816e-03       2.167629347837e+04 
       6.951349835179e-03       2.190831351351e+04 
       7.077453207743e-03       2.213558252289e+04 
       7.203654702547e-03       2.235815225744e+04 
       7.329950004531e-03       2.257607791963e+04 
       7.456335089243e-03       2.278944569077e+04 
       7.582806200754e-03       2.299830921432e+04 
       7.709359831538e-03       2.320268208307e+04 
       7.835992704145e-03       2.340260248329e+04 
       7.962701754465e-03       2.359811643974e+04 
       8.089484116451e-03       2.378931834882e+04 
       8.216337108139e-03       2.397624768128e+04 
       8.343258218856e-03       2.415895378428e+04 
       8.470245097497e-03       2.433747685392e+04 
       8.597295541772e-03       2.451185432683e+04 
       8.724407488335e-03       2.468213988009e+04 
       8.851579003709e-03       2.484841024493e+04 
       8.978808275944e-03       2.501071536184e+04 
       9.106093606932e-03       2.516908618562e+04 
       9.233433405330e-03       2.532355403770e+04 
       9.360826180034e-03       2.547417541587e+04 
       9.488270534155e-03       2.562101604275e+04 
       9.615765159452e-03       2.576412482223e+04 
       9.743308831195e-03       2.590354149134e+04 
       9.870900403406e-03       2.603930014461e+04 
       9.998538804459e-03       2.617143950036e+04 
       1.012622303300e-02       2.630000954313e+04 
       1.025395215418e-02       2.642508016469e+04 
       1.038172529613e-02       2.654668655729e+04 
       1.050954164675e-02       2.666486415971e+04 
       1.063740045064e-02       2.677963646131e+04 
       1.076530100636e-02       2.689105581081e+04 
       1.089324266379e-02       2.699918459165e+04 
       1.102122482171e-02       2.710405116750e+04 
       1.114924692558e-02       2.720571549625e+04 
       1.127730846543e-02       2.730419012379e+04 
       1.140540897392e-02       2.739950366801e+04 
       1.153354802455e-02       2.749171956665e+04 
       1.166172522995e-02       2.758089098671e+04 
       1.178994024035e-02       2.766703940803e+04 
       1.191819274209e-02       2.775019191026e+04 
       1.204648245630e-02       2.783040232203e+04 
       1.217480913760e-02       2.790769833355e+04 
       1.230317257299e-02       2.798213222691e+04 
       1.243157258071e-02       2.805373035581e+04 
       1.256000900926e-02       2.812254922882e+04 
       1.268848173644e-02       2.818859775748e+04 
       1.281699066851e-02       2.825192056089e+04 
       1.294553573936e-02       2.831255878263e+04 
       1.307411690977e-02       2.837053713687e+04 
       1.320273416673e-02       2.842591099973e+04 
       1.333138752279e-02       2.847868498509e+04 
       1.346007701550e-02       2.852891858169e+04 
       1.358880270683e-02       2.857661205326e+04 
       1.371756468271e-02       2.862182970986e+04 
       1.384636305255e-02       2.866460022145e+04 
       1.397519794885e-02       2.870494859033e+04 
       1.410406952683e-02       2.874290275922e+04 
       1.423297796406e-02       2.877849433685e+04 
       1.436192346018e-02       2.881176699959e+04 
       1.449090623661e-02       2.884273331372e+04 
       1.461992653634e-02       2.887144997614e+04 
       1.474238081126e-02       2.889661839021e+04 
       1.474898462369e-02       2.889792731827e+04 
       1.487808078413e-02       2.892218958587e+04 
       1.500721532412e-02       2.894427266379e+04 
       1.513638857102e-02       2.896420499013e+04 
       1.526560087292e-02       2.898202541112e+04 
       1.539485259862e-02       2.899776609720e+04 
       1.552414413753e-02       2.901143112356e+04 
       1.565347589966e-02       2.902306891147e+04 
       1.578284831559e-02       2.903268254283e+04 
       1.591226183650e-02       2.904032885132e+04 
       1.604171693418e-02       2.904601540470e+04 
       1.617121410107e-02       2.904979009827e+04 
       1.630075385036e-02       2.905165748029e+04 
       1.643033671606e-02       2.905166152587e+04 
       1.655996325307e-02       2.904980230332e+04 
       1.668963403739e-02       2.904613511800e+04 
       1.681934966617e-02       2.904065901817e+04 
       1.694911075792e-02       2.903343849708e+04 
       1.707891795268e-02       2.902444841786e+04 
       1.720877191222e-02       2.901375816261e+04 
       1.733867332022e-02       2.900138249823e+04 
       1.746862288253e-02       2.898729183027e+04 
       1.759862132741e-02       2.897162791903e+04 
       1.772866940576e-02       2.895428950586e+04 
       1.785876789147e-02       2.893536046945e+04 
       1.798891758161e-02       2.891487510008e+04 
       1.811911929685e-02       2.889280817555e+04 
       1.824937388170e-02       2.886922943092e+04 
       1.837968220491e-02       2.884415974539e+04 
       1.851004515982e-02       2.881765337597e+04 
       1.864046366470e-02       2.878961449612e+04 
       1.877093866322e-02       2.876017471192e+04 
       1.890147112477e-02       2.872931694468e+04 
       1.903206204496e-02       2.869706104748e+04 
       1.916271244607e-02       2.866345319605e+04 
       1.929342337744e-02       2.862850836782e+04 
       1.942419591603e-02       2.859223189062e+04 
       1.955503116690e-02       2.855464220613e+04 
       1.968593026370e-02       2.851576769242e+04 
       1.981689436925e-02       2.847566865515e+04 
       1.994792467608e-02       2.843429486259e+04 
       2.007902240698e-02       2.839173366843e+04 
       2.021018881564e-02       2.834798205883e+04 
       2.034142518727e-02       2.830302927080e+04 
       2.047273283919e-02       2.825694454147e+04 
       2.060411312154e-02       2.820970390591e+04 
       2.073556741791e-02       2.816135151200e+04 
       2.086709714611e-02       2.811193593109e+04 
       2.099870375885e-02       2.806143357191e+04 
       2.113038874448e-02       2.800983896905e+04 
       2.126215362781e-02       2.795726702679e+04 
       2.139399997087e-02       2.790363520173e+04 
       2.152592937377e-02       2.784900972971e+04 
       2.165794347549e-02       2.779347618999e+04 
       2.179004395483e-02       2.773688888456e+04 
       2.192223253128e-02       2.767943799245e+04 
       2.205451096592e-02       2.762104183368e+04 
       2.218688106244e-02       2.756175021145e+04 
       2.231934466812e-02       2.750154601079e+04 
       2.245190367481e-02       2.744052957202e+04 
       2.258456002004e-02       2.737860274030e+04 
       2.271731568809e-02       2.731594347332e+04 
       2.285017271107e-02       2.725240690177e+04 
       2.298313317017e-02       2.718808932212e+04 
       2.311619919675e-02       2.712297788511e+04 
       2.324937297366e-02       2.705710678478e+04 
       2.338265673644e-02       2.699051420498e+04 
       2.351605277468e-02       2.692318952183e+04 
       2.364956343335e-02       2.685514366169e+04 
       2.378319111420e-02       2.678642892142e+04 
       2.391693827719e-02       2.671701930416e+04 
       2.405080744200e-02       2.664696480950e+04 
       2.418480118953e-02       2.657620569073e+04 
       2.431892216349e-02       2.650482254589e+04 
       2.445317307208e-02       2.643288496132e+04 
       2.458755668959e-02       2.636035827777e+04 
       2.472207585824e-02       2.628722824559e+04 
       2.485673348987e-02       2.621348680353e+04 
       2.499153256791e-02       2.613921371118e+04 
       2.512647614922e-02       2.606439945332e+04 
       2.526156736608e-02       2.598905463618e+04 
       2.539680942830e-02       2.591319057200e+04 
       2.553220562525e-02       2.583683987200e+04 
       2.566775932813e-02       2.576004270389e+04 
       2.580347399218e-02       2.568279291586e+04 
       2.593935315903e-02       2.560493655942e+04 
       2.607540045914e-02       2.552673194361e+04 
       2.621161961432e-02       2.544810901039e+04 
       2.634801444025e-02       2.536905453200e+04 
       2.648458884924e-02       2.528959737977e+04 
       2.662134685299e-02       2.520970747333e+04 
       2.675829256542e-02       2.512948713922e+04 
       2.689543020571e-02       2.504886808867e+04 
       2.703276410136e-02       2.496797994071e+04 
       2.717029869138e-02       2.488664951641e+04 
       2.730803852959e-02       2.480494680303e+04 
       2.744598828810e-02       2.472309092395e+04 
       2.758415276085e-02       2.464072201272e+04 
       2.772253686727e-02       2.455825355268e+04 
       2.786114565618e-02       2.447541054921e+04 
       2.799998430970e-02       2.439227898704e+04 
       2.813905814742e-02       2.430891660657e+04 
       2.827837263067e-02       2.422530814411e+04 
       2.841793336699e-02       2.414142245341e+04 
       2.855774611471e-02       2.405732151604e+04 
       2.869781678781e-02       2.397299567315e+04 
       2.883815146087e-02       2.388848048992e+04 
       2.897875637430e-02       2.380375110218e+04 
       2.911963793971e-02       2.371877386889e+04 
       2.926080274555e-02       2.363368068903e+04 
       2.940225756293e-02       2.354844030094e+04 
       2.954400935176e-02       2.346295951917e+04 
       2.968606526705e-02       2.337735467429e+04 
       2.982843266552e-02       2.329162477011e+04 
       2.997111911249e-02       2.320570107660e+04 
       3.011413238905e-02       2.311970723521e+04 
       3.025748049955e-02       2.303354744570e+04 
       3.040117167942e-02       2.294736979307e+04 
       3.054521440326e-02       2.286094319346e+04 
       3.068961739341e-02       2.277450976562e+04 
       3.083438962878e-02       2.268802602013e+04 
       3.097954035417e-02       2.260132468222e+04 
       3.112507908991e-02       2.251470183121e+04 
       3.127101564207e-02       2.242790108684e+04 
       3.141736011300e-02       2.234105585157e+04 
       3.156412291244e-02       2.225417402751e+04 
       3.171131476915e-02       2.216729543549e+04 
       3.185894674308e-02       2.208027419193e+04 
       3.200703023807e-02       2.199326593418e+04 
       3.215557701524e-02       2.190621043609e+04 
       3.230459920699e-02       2.181916538698e+04 
       3.245410933170e-02       2.173206991615e+04 
       3.260412030914e-02       2.164499203343e+04 
       3.275464547665e-02       2.155785517127e+04 
       3.290569860617e-02       2.147079382970e+04 
       3.305729392215e-02       2.138360226586e+04 
       3.320944612028e-02       2.129657630879e+04 
       3.336217038736e-02       2.120949687485e+04 
       3.351548242206e-02       2.112235865973e+04 
       3.366939845690e-02       2.103537296324e+04 
       3.382393528133e-02       2.094836531782e+04 
       3.397911026614e-02       2.086131673094e+04 
       3.413494138913e-02       2.077435725840e+04 
       3.429144726230e-02       2.068750191324e+04 
       3.444864716049e-02       2.060058193119e+04 
       3.460656105166e-02       2.051372542213e+04 
       3.476520962895e-02       2.042687011701e+04 
       3.492461434459e-02       2.034012932529e+04 
       3.508479744573e-02       2.025350702966e+04 
       3.524578201253e-02       2.016679488352e+04 
       3.540759199843e-02       2.008019873133e+04 
       3.557025227292e-02       1.999367429440e+04 
       3.573378866695e-02       1.990721073979e+04 
       3.589822802114e-02       1.982080463923e+04 
       3.606359823705e-02       1.973438461305e+04 
       3.622992833178e-02       1.964808670904e+04 
       3.639724849594e-02       1.956191228619e+04 
       3.656559015565e-02       1.947570235095e+04 
       3.673498603843e-02       1.938953255373e+04 
       3.690547024370e-02       1.930350345674e+04 
       3.707707831793e-02       1.921750233620e+04 
       3.724984733513e-02       1.913156960319e+04 
       3.742381598278e-02       1.904574196397e+04 
       3.759902465409e-02       1.895987848273e+04 
       3.777551554663e-02       1.887414231995e+04 
       3.795333276839e-02       1.878850096643e+04 
       3.813252245150e-02       1.870283918668e+04 
       3.831313287457e-02       1.861728196176e+04 
       3.849521459430e-02       1.853178501997e+04 
       3.867882058728e-02       1.844627712798e+04 
       3.886400640288e-02       1.836084886079e+04 
       3.905083032825e-02       1.827551678279e+04 
       3.923935356677e-02       1.819015637219e+04 
       3.942964043098e-02       1.810485922999e+04 
       3.962175855173e-02       1.801961160714e+04 
       3.981577910489e-02       1.793437995915e+04 
       4.001177705771e-02       1.784914486033e+04 
       4.020983143659e-02       1.776394258840e+04 
       4.041002561872e-02       1.767874680496e+04 
       4.061244765013e-02       1.759361706859e+04 
       4.081719059287e-02       1.750844127994e+04 
       4.102435290484e-02       1.742322285840e+04 
       4.123403885566e-02       1.733801655567e+04 
       4.144635898301e-02       1.725282401769e+04 
       4.166143059395e-02       1.716754185148e+04 
       4.187937831673e-02       1.708225433204e+04 
       4.210033470918e-02       1.699690843199e+04 
       4.232444093071e-02       1.691145309996e+04 
       4.255184748596e-02       1.682598723029e+04 
       4.278271504920e-02       1.674040905095e+04 
       4.301721538040e-02       1.665475469898e+04 
       4.325553234484e-02       1.656894524718e+04 
       4.349786305075e-02       1.648301449508e+04 
       4.374441912137e-02       1.639693714195e+04 
       4.399542812046e-02       1.631077181703e+04 
       4.425113515391e-02       1.622432505245e+04 
       4.451180467335e-02       1.613771925125e+04 
       4.477772251283e-02       1.605089901830e+04 
       4.504919819466e-02       1.596378005521e+04 
       4.532656754743e-02       1.587647063024e+04 
       4.561019568712e-02       1.578885036488e+04 
       4.590048042197e-02       1.570087608606e+04 
       4.619785615363e-02       1.561252388628e+04 
       4.650279836166e-02       1.552380199519e+04 
       4.681582877630e-02       1.543468374968e+04 
       4.713752136624e-02       1.534510723034e+04 
       4.746850929586e-02       1.525495409269e+04 
       4.780949303960e-02       1.516428042325e+04 
       4.816124988427e-02       1.507299844604e+04 
       4.852464510259e-02       1.498103655137e+04 
       4.890064514854e-02       1.488831439175e+04 
       4.929033330961e-02       1.479477518468e+04 
       4.969492835807e-02       1.470034042366e+04 
       5.011580688003e-02       1.460490725758e+04 
       5.055453013459e-02       1.450839892931e+04 
       5.101287651691e-02       1.441061899783e+04 
       5.149288098099e-02       1.431151095083e+04 
       5.199688313594e-02       1.421082566716e+04 
       5.252758617907e-02       1.410842547397e+04 
       5.308812938748e-02       1.400405092610e+04 
       5.368217756253e-02       1.389738765389e+04 
       5.431403159564e-02       1.378814393638e+04 
       5.498876513140e-02       1.367587021267e+04 
       5.571239296546e-02       1.355996528544e+04 
       5.649207691841e-02       1.343988831855e+04 
       5.733637360878e-02       1.331460250798e+04 
       5.825552408408e-02       1.318303962182e+04 
       5.926177441023e-02       1.304361307772e+04 
       6.036969332710e-02       1.289437122253e+04 
       6.159640886683e-02       1.273251277026e+04 
       6.296160894347e-02       1.255432010567e+04 
       6.448703545493e-02       1.235493444022e+04 
       6.619507256806e-02       1.212799985161e+04 
       6.810599691120e-02       1.186593882879e+04 
       7.023376379247e-02       1.156048152898e+04 
       7.258111605328e-02       1.120442726357e+04 
       7.513610567497e-02       1.079422391972e+04 
       7.787255855304e-02       1.033267677529e+04 
       8.075519846900e-02       9.830305526872e+03 
       8.374704792855e-02       9.304315333299e+03 
       8.681549807584e-02       8.775612551764e+03 
       8.993515224579e-02       8.265136390889e+03 
       9.308788463605e-02       7.790832779467e+03 
       9.626150132425e-02       7.365716350750e+03 
       9.944811022514e-02       6.997215154897e+03 
       1.026427278062e-01       6.687311200362e+03 
       1.058422552616e-01       6.433355298031e+03 
       1.090447839051e-01       6.228956328923e+03 
       1.122491448309e-01       6.065120356771e+03 
       1.154546246116e-01       5.931255665152e+03 
       1.186607886410e-01       5.816148867228e+03 
       1.218673724021e-01       5.708936646572e+03 
       1.250742149254e-01       5.600019896376e+03 
       1.282812182074e-01       5.481894072080e+03 
       1.314883225106e-01       5.349708201923e+03 
       1.346954913503e-01       5.201583154196e+03 
       1.379027023732e-01       5.038477483350e+03 
       1.411099418197e-01       4.863737930450e+03 
       1.443172011600e-01       4.682376582427e+03 
       1.475244750528e-01       4.500231171131e+03 
       1.507317601044e-01       4.323144820746e+03 
       1.539390541150e-01       4.156287032017e+03 
       1.571463556198e-01       4.003676582409e+03 
       1.603536636104e-01       3.867908049976e+03 
       1.635609773642e-01       3.750090385082e+03 
       1.667682963400e-01       3.649932595175e+03 
       1.699756201145e-01       3.565938679422e+03 
       1.731829483425e-01       3.495671414150e+03 
       1.763902807328e-01       3.436053828020e+03 
       1.795976170322e-01       3.383669694618e+03 
       1.828049570159e-01       3.335287447372e+03 
       1.860123004815e-01       3.288056974361e+03 
       1.892196472440e-01       3.238660950513e+03 
       1.924269971334e-01       3.185080269822e+03 
       1.956343499922e-01       3.126190332937e+03 
       1.988417056743e-01       3.061822749402e+03 
       2.020490640432e-01       2.992670555933e+03 
       2.052564249715e-01       2.920103985212e+03 
       2.084637883399e-01       2.845905998258e+03 
       2.116711540363e-01       2.771963754791e+03 
       2.148785219557e-01       2.700066619390e+03 
       2.180858919992e-01       2.631704153394e+03 
       2.212932640737e-01       2.568026652040e+03 
       2.245006380915e-01       2.509756698738e+03 
       2.277080139700e-01       2.457223375382e+03 
       2.309153916310e-01       2.410367441060e+03 
       2.341227710008e-01       2.368779616806e+03 
       2.373301520097e-01       2.331747087078e+03 
       2.405375345915e-01       2.298333278115e+03 
       2.437449186839e-01       2.267467963344e+03 
       2.469523042277e-01       2.238061527234e+03 
       2.501596911665e-01       2.209115707617e+03 
       2.533670794471e-01       2.179803551018e+03 
       2.565744690189e-01       2.149532399547e+03 
       2.597818598338e-01       2.117961822458e+03 
       2.629892518459e-01       2.084995870175e+03 
       2.661966450118e-01       2.050776242143e+03 
       2.694040392900e-01       2.015615203901e+03 
       2.726114346411e-01       1.979976493443e+03 
       2.758188310273e-01       1.944410796062e+03 
       2.790262284128e-01       1.909480016867e+03 
       2.822336267633e-01       1.875720391019e+03 
       2.854410260461e-01       1.843555806017e+03 
       2.886484262299e-01       1.813273746271e+03 
       2.918558272850e-01       1.785002668368e+03 
       2.950632291826e-01       1.758726581356e+03 
       2.982706318956e-01       1.734307095025e+03 
       3.014780353977e-01       1.711515942817e+03 
       3.046854396638e-01       1.690068737799e+03 
       3.078928446701e-01       1.669653077642e+03 
       3.111002503934e-01       1.649953467308e+03 
       3.143076568117e-01       1.630667979825e+03 
       3.175150639039e-01       1.611531226007e+03 
       3.207224716495e-01       1.592333624118e+03 
       3.239298800292e-01       1.572939714865e+03 
       3.271372890242e-01       1.553294980323e+03 
       3.303446986165e-01       1.533424713644e+03 
       3.335521087886e-01       1.513419288802e+03 
       3.367595195241e-01       1.493411444157e+03 
       3.399669308069e-01       1.473554053347e+03 
       3.431743426216e-01       1.453999120550e+03 
       3.463817549533e-01       1.434887127127e+03 
       3.495891677877e-01       1.416334919388e+03 
       3.527965811111e-01       1.398428515618e+03 
       3.560039949101e-01       1.381232914002e+03 
       3.592114091721e-01       1.364764497537e+03 
       3.624188238845e-01       1.349009218902e+03 
       3.656262390356e-01       1.333910816735e+03 
       3.688336546139e-01       1.319386848165e+03 
       3.720410706082e-01       1.305333180909e+03 
       3.752484870078e-01       1.291649828022e+03 
       3.784559038024e-01       1.278233915798e+03 
       3.816633209820e-01       1.265007438901e+03 
       3.848707385369e-01       1.251911710797e+03 
       3.880781564578e-01       1.238907720622e+03 
       3.912855747356e-01       1.225972641717e+03 
       3.944929933617e-01       1.213101359025e+03 
       3.977004123274e-01       1.200302640073e+03 
       4.009078316247e-01       1.187598084481e+03 
       4.041152512456e-01       1.175021611359e+03 
       4.073226711825e-01       1.162614040649e+03 
       4.105300914279e-01       1.150416628246e+03 
       4.137375119746e-01       1.138465099451e+03 
       4.169449328157e-01       1.126785162233e+03 
       4.201523539443e-01       1.115389941534e+03 
       4.233597753539e-01       1.104282146648e+03 
       4.265671970381e-01       1.093455460623e+03 
       4.297746189908e-01       1.082900838035e+03 
       4.329820412061e-01       1.072602855085e+03 
       4.361894636779e-01       1.062544791840e+03 
       4.393968864008e-01       1.052704825547e+03 
       4.426043093693e-01       1.043058293529e+03 
       4.458117325780e-01       1.033577132679e+03 
       4.490191560218e-01       1.024235880095e+03 
       4.522265796956e-01       1.015012341409e+03 
       4.554340035946e-01       1.005891841789e+03 
       4.586414277140e-01       9.968669058586e+02 
       4.618488520492e-01       9.879356349146e+02 
       4.650562765958e-01       9.791008484621e+02 
       4.682637013494e-01       9.703669844977e+02 
       4.714711263057e-01       9.617395783909e+02 
       4.746785514606e-01       9.532253110334e+02 
       4.778859768101e-01       9.448320286647e+02 
       4.810934023504e-01       9.365688697547e+02 
       4.843008280775e-01       9.284450702590e+02 
       4.875082539878e-01       9.204676920910e+02 
       4.907156800778e-01       9.126402533630e+02 
       4.939231063438e-01       9.049612508744e+02 
       4.971305327825e-01       8.974245354602e+02 
       5.003379593905e-01       8.900210055092e+02 
       5.035453861647e-01       8.827403627170e+02 
       5.067528131017e-01       8.755733629256e+02 
       5.099602401986e-01       8.685116055738e+02 
       5.131676674523e-01       8.615480308781e+02 
       5.163750948599e-01       8.546762518442e+02 
       5.195825224186e-01       8.478899105645e+02 
       5.227899501256e-01       8.411835638228e+02 
       5.259973779780e-01       8.345531465619e+02 
       5.292048059734e-01       8.279965351994e+02 
       5.324122341090e-01       8.215149846676e+02 
       5.356196623824e-01       8.151110965999e+02 
       5.388270907911e-01       8.087877093677e+02 
       5.420345193327e-01       8.025476897602e+02 
       5.452419480049e-01       7.963926954037e+02 
       5.484493768052e-01       7.903220251421e+02 
       5.516568057316e-01       7.843347116428e+02 
       5.548642347818e-01       7.784292332533e+02 
       5.580716639536e-01       7.726051412301e+02 
       5.612790932450e-01       7.668609625637e+02 
       5.644865226539e-01       7.611966409983e+02 
       5.676939521784e-01       7.556098905868e+02 
       5.709013818164e-01       7.500981657204e+02 
       5.741088115661e-01       7.446571887315e+02 
       5.773162414257e-01       7.392834415927e+02 
       5.805236713932e-01       7.339735628403e+02 
       5.837311014668e-01       7.287256610057e+02 
       5.869385316450e-01       7.235385542436e+02 
       5.901459619258e-01       7.184113104092e+02 
       5.933533923078e-01       7.133432454332e+02 
       5.965608227892e-01       7.083329328944e+02 
       5.997682533684e-01       7.033788224767e+02 
       6.029756840438e-01       6.984796356286e+02 
       6.061831148141e-01       6.936344656934e+02 
       6.093905456775e-01       6.888434645691e+02 
       6.125979766327e-01       6.841072952830e+02 
       6.158054076783e-01       6.794266333513e+02 
       6.190128388128e-01       6.748014940868e+02 
       6.222202700348e-01       6.702309921811e+02 
       6.254277013430e-01       6.657139460961e+02 
       6.286351327361e-01       6.612486830644e+02 
       6.318425642128e-01       6.568337617974e+02 
       6.350499957717e-01       6.524683002497e+02 
       6.382574274118e-01       6.481517578921e+02 
       6.414648591316e-01       6.438834173505e+02 
       6.446722909302e-01       6.396622777324e+02 
       6.478797228062e-01       6.354871691319e+02 
       6.510871547585e-01       6.313563036264e+02 
       6.542945867860e-01       6.272681823272e+02 
       6.575020188877e-01       6.232217500798e+02 
       6.607094510623e-01       6.192165929351e+02 
       6.639168833090e-01       6.152526293694e+02 
       6.671243156265e-01       6.113298294244e+02 
       6.703317480139e-01       6.074478575203e+02 
       6.735391804703e-01       6.036060350556e+02 
       6.767466129945e-01       5.998035246789e+02 
       6.799540455857e-01       5.960390737922e+02 
       6.831614782429e-01       5.923124539422e+02 
       6.863689109652e-01       5.886233009242e+02 
       6.895763437517e-01       5.849715397429e+02 
       6.927837766014e-01       5.813571518237e+02 
       6.959912095135e-01       5.777796495593e+02 
       6.991986424872e-01       5.742382684272e+02 
       7.024060755216e-01       5.707319983161e+02 
       7.056135086158e-01       5.672598194247e+02 
       7.088209417691e-01       5.638211038122e+02 
       7.120283749806e-01       5.604153190845e+02 
       7.152358082496e-01       5.570423816281e+02 
       7.184432415752e-01       5.537020240781e+02 
       7.216506749569e-01       5.503938031461e+02 
       7.248581083937e-01       5.471170506957e+02 
       7.280655418849e-01       5.438709009170e+02 
       7.312729754299e-01       5.406546625371e+02 
       7.344804090280e-01       5.374678789210e+02 
       7.376878426784e-01       5.343106296917e+02 
       7.408952763804e-01       5.311823145201e+02 
       8.063589882660e-01       4.731215401352e+02 
       8.992482177178e-01       4.060199558979e+02 
       1.044508559396e+00       3.261748819797e+02 
       1.278092543085e+00       2.378866426124e+02 
       1.604852688216e+00       1.609648314538e+02 
       2.020292654480e+00       1.040037106709e+02 
       2.543397304896e+00       6.451302640271e+01 
       3.201947499103e+00       3.868057158555e+01 
       4.031013073852e+00       2.260115462922e+01 
       5.074744793946e+00       1.296114414635e+01 
       6.388725179469e+00       7.335405492079e+00 
       8.042928477403e+00       4.113658510003e+00 
