# Matter power spectrum P(k) at redshift z=0
# for k=1.03205e-05 to 167.726 h/Mpc,
# number of wavenumbers equal to 627
#    1:k (h/Mpc)              2:P (Mpc/h)^3        
       1.032046293901e-05       4.850237117994e+01 
       2.300683923731e-05       1.055639729421e+02 
       3.573656822930e-05       1.618309904513e+02 
       4.854287129140e-05       2.178259661502e+02 
       6.145950357569e-05       2.738580873554e+02 
       7.452104600425e-05       3.301665622255e+02 
       8.776320634053e-05       3.869606603201e+02 
       1.012231332307e-04       4.444359676730e+02 
       1.149397471387e-04       5.027842476820e+02 
       1.289540921310e-04       5.621977781875e+02 
       1.433097124774e-04       6.228736892634e+02 
       1.580530579922e-04       6.850173004499e+02 
       1.732339218979e-04       7.488438959492e+02 
       1.889059146972e-04       8.145824277286e+02 
       2.051269769997e-04       8.824769711707e+02 
       2.219599333672e-04       9.527902344677e+02 
       2.394730878719e-04       1.025805702520e+03 
       2.577408600224e-04       1.101829452979e+03 
       2.768444567846e-04       1.181193610020e+03 
       2.968725723212e-04       1.264259324797e+03 
       3.179221014923e-04       1.351418283463e+03 
       3.400988457333e-04       1.443095545353e+03 
       3.635181803335e-04       1.539752576802e+03 
       3.883056401082e-04       1.641885269083e+03 
       4.145973659236e-04       1.750028360660e+03 
       4.425403377955e-04       1.864751836837e+03 
       4.722923022585e-04       1.986658662526e+03 
       5.040212842068e-04       2.116381070914e+03 
       5.379045595170e-04       2.254570159096e+03 
       5.741269589920e-04       2.401887223107e+03 
       6.128783824900e-04       2.558987883087e+03 
       6.543504313686e-04       2.726505034133e+03 
       6.987321239636e-04       2.905026380674e+03 
       7.462047463595e-04       3.095071730875e+03 
       7.969360069433e-04       3.297072784729e+03 
       8.510737970911e-04       3.511346736888e+03 
       9.087399903518e-04       3.738085630099e+03 
       9.700248087933e-04       3.977338589678e+03 
       1.034982315906e-03       4.229007694006e+03 
       1.103627537169e-03       4.492842535547e+03 
       1.175935557768e-03       4.768440079060e+03 
       1.251842723071e-03       5.055243429006e+03 
       1.331249814473e-03       5.352527706561e+03 
       1.414026844457e-03       5.659436097698e+03 
       1.500018956250e-03       5.975026302643e+03 
       1.589052850273e-03       6.298249754629e+03 
       1.680943190376e-03       6.628019561489e+03 
       1.775498544428e-03       6.963253679429e+03 
       1.872526552716e-03       7.302910481387e+03 
       1.971838160796e-03       7.646003592040e+03 
       2.073250877260e-03       7.991605489401e+03 
       2.176591108685e-03       8.338846826396e+03 
       2.281695681574e-03       8.686914934468e+03 
       2.388412688721e-03       9.035064099949e+03 
       2.496601802506e-03       9.382628809524e+03 
       2.606134188135e-03       9.729027161293e+03 
       2.716892132295e-03       1.007376518991e+04 
       2.828768482244e-03       1.041642765840e+04 
       2.941665970060e-03       1.075666056225e+04 
       3.055496478525e-03       1.109416491193e+04 
       3.170180289688e-03       1.142868427459e+04 
       3.285645344725e-03       1.175999896605e+04 
       3.401826534032e-03       1.208791853404e+04 
       3.518665029222e-03       1.241228402663e+04 
       3.636107663382e-03       1.273295720649e+04 
       3.754106362190e-03       1.304981385695e+04 
       3.872617625906e-03       1.336274671590e+04 
       3.991602060571e-03       1.367165426049e+04 
       4.111023955719e-03       1.397643580087e+04 
       4.230850905288e-03       1.427699937461e+04 
       4.351053468208e-03       1.457325642126e+04 
       4.471604865048e-03       1.486513323884e+04 
       4.592480707249e-03       1.515256163263e+04 
       4.713658755615e-03       1.543548901252e+04 
       4.835118704981e-03       1.571387247184e+04 
       4.956841992246e-03       1.598768600920e+04 
       5.078811625183e-03       1.625690002743e+04 
       5.201012029733e-03       1.652153674831e+04 
       5.323428913691e-03       1.678158287966e+04 
       5.446049144954e-03       1.703706642688e+04 
       5.568860642667e-03       1.728803054235e+04 
       5.691852279824e-03       1.753450222188e+04 
       5.815013796020e-03       1.777653470566e+04 
       5.938335719228e-03       1.801417927963e+04 
       6.061809295569e-03       1.824747730358e+04 
       6.185426426206e-03       1.847647814626e+04 
       6.309179610566e-03       1.870122902649e+04 
       6.433061895187e-03       1.892176504841e+04 
       6.557066827594e-03       1.913812663854e+04 
       6.681188414645e-03       1.935035047531e+04 
       6.805421084879e-03       1.955845797146e+04 
       6.929759654436e-03       1.976247689125e+04 
       7.054199296170e-03       1.996243337833e+04 
       7.178735511636e-03       2.015834212074e+04 
       7.303364105637e-03       2.035023044191e+04 
       7.428081163085e-03       2.053813378055e+04 
       7.552883027932e-03       2.072207498071e+04 
       7.677766283971e-03       2.090207881802e+04 
       7.802727737316e-03       2.107819082905e+04 
       7.927764400406e-03       2.125044740289e+04 
       8.052873477372e-03       2.141888008022e+04 
       8.178052350647e-03       2.158355210801e+04 
       8.303298568705e-03       2.174451013170e+04 
       8.428609834802e-03       2.190180547886e+04 
       8.553983996657e-03       2.205547653613e+04 
       8.679419036961e-03       2.220558028338e+04 
       8.804913064646e-03       2.235216198216e+04 
       8.930464306861e-03       2.249526783592e+04 
       9.056071101568e-03       2.263494463596e+04 
       9.181731890719e-03       2.277122852796e+04 
       9.307445213960e-03       2.290415367906e+04 
       9.433209702824e-03       2.303376359406e+04 
       9.559024075348e-03       2.316008692244e+04 
       9.684887131112e-03       2.328315235970e+04 
       9.810797746641e-03       2.340299642554e+04 
       9.936754871142e-03       2.351964716513e+04 
       1.006275752256e-02       2.363313235200e+04 
       1.018880478393e-02       2.374348718184e+04 
       1.031489579996e-02       2.385073340981e+04 
       1.044102977392e-02       2.395492305266e+04 
       1.056720596466e-02       2.405607262266e+04 
       1.069342368396e-02       2.415423689093e+04 
       1.081968229395e-02       2.424943295937e+04 
       1.094598120481e-02       2.434171568473e+04 
       1.107231987254e-02       2.443112029429e+04 
       1.119869779696e-02       2.451767890017e+04 
       1.132511451983e-02       2.460144160537e+04 
       1.145156962305e-02       2.468243404901e+04 
       1.157806272708e-02       2.476069837219e+04 
       1.170459348938e-02       2.483626489876e+04 
       1.183116160300e-02       2.490917324448e+04 
       1.195776679527e-02       2.497945419727e+04 
       1.208440882659e-02       2.504713810372e+04 
       1.221108748925e-02       2.511225438149e+04 
       1.233780260641e-02       2.517483526808e+04 
       1.246455403111e-02       2.523490233888e+04 
       1.259134164533e-02       2.529249992742e+04 
       1.271816535917e-02       2.534764013268e+04 
       1.284502511008e-02       2.540035955666e+04 
       1.297192086208e-02       2.545069132025e+04 
       1.309885260513e-02       2.549866367222e+04 
       1.322582035451e-02       2.554428709794e+04 
       1.335282415023e-02       2.558761731046e+04 
       1.347986405652e-02       2.562867123152e+04 
       1.360694016134e-02       2.566748090199e+04 
       1.373405257595e-02       2.570408592306e+04 
       1.386120143448e-02       2.573850271911e+04 
       1.398838689360e-02       2.577076329108e+04 
       1.411560913219e-02       2.580090957537e+04 
       1.424286835102e-02       2.582893471380e+04 
       1.437016477249e-02       2.585491724704e+04 
       1.449749864041e-02       2.587884359424e+04 
       1.452091028622e-02       2.588301976071e+04 
       1.462487021981e-02       2.590075709388e+04 
       1.475227979672e-02       2.592067770831e+04 
       1.487972767807e-02       2.593863715008e+04 
       1.500721419151e-02       2.595465869211e+04 
       1.513473968537e-02       2.596874728151e+04 
       1.526230452854e-02       2.598095636525e+04 
       1.538990911046e-02       2.599130204489e+04 
       1.551755384102e-02       2.599980822656e+04 
       1.564523915065e-02       2.600649495138e+04 
       1.577296549024e-02       2.601139149140e+04 
       1.590073333121e-02       2.601451864287e+04 
       1.602854316559e-02       2.601590986068e+04 
       1.615639550603e-02       2.601560352559e+04 
       1.628429088595e-02       2.601360686013e+04 
       1.641222985960e-02       2.600992877295e+04 
       1.654021300222e-02       2.600461519482e+04 
       1.666824091019e-02       2.599766018109e+04 
       1.679631420114e-02       2.598912523240e+04 
       1.692443351418e-02       2.597901753474e+04 
       1.705259951009e-02       2.596731986198e+04 
       1.718081287151e-02       2.595412735942e+04 
       1.730907430318e-02       2.593940798414e+04 
       1.743738453221e-02       2.592321735270e+04 
       1.756574430830e-02       2.590555925765e+04 
       1.769415440405e-02       2.588647360697e+04 
       1.782261561525e-02       2.586596018396e+04 
       1.795112876119e-02       2.584405556104e+04 
       1.807969468499e-02       2.582077714970e+04 
       1.820831425394e-02       2.579613861897e+04 
       1.833698835989e-02       2.577016122616e+04 
       1.846571791958e-02       2.574289357053e+04 
       1.859450387508e-02       2.571428191839e+04 
       1.872334719419e-02       2.568444390358e+04 
       1.885224887084e-02       2.565335752691e+04 
       1.898120992562e-02       2.562100425694e+04 
       1.911023140614e-02       2.558749018126e+04 
       1.923931438760e-02       2.555275251481e+04 
       1.936845997324e-02       2.551688942123e+04 
       1.949766929488e-02       2.547982541352e+04 
       1.962694351347e-02       2.544167919193e+04 
       1.975628381964e-02       2.540240563067e+04 
       1.988569143426e-02       2.536204295584e+04 
       2.001516760905e-02       2.532060979180e+04 
       2.014471362724e-02       2.527813685318e+04 
       2.027433080412e-02       2.523463841524e+04 
       2.040402048780e-02       2.519009475327e+04 
       2.053378405983e-02       2.514457732594e+04 
       2.066362293590e-02       2.509808684302e+04 
       2.079353856663e-02       2.505064566588e+04 
       2.092353243825e-02       2.500229737459e+04 
       2.105360607341e-02       2.495294792910e+04 
       2.118376103199e-02       2.490274202076e+04 
       2.131399891191e-02       2.485168971018e+04 
       2.144432134998e-02       2.479968533512e+04 
       2.157473002279e-02       2.474687409099e+04 
       2.170522664760e-02       2.469326987063e+04 
       2.183581298330e-02       2.463882714728e+04 
       2.196649083135e-02       2.458348057269e+04 
       2.209726203679e-02       2.452743766564e+04 
       2.222812848926e-02       2.447065006445e+04 
       2.235909212405e-02       2.441308888677e+04 
       2.249015492322e-02       2.435478128411e+04 
       2.262131891669e-02       2.429577666389e+04 
       2.275258618342e-02       2.423604854711e+04 
       2.288395885259e-02       2.417565458360e+04 
       2.301543910487e-02       2.411458113061e+04 
       2.314702917366e-02       2.405281744949e+04 
       2.327873134643e-02       2.399047159177e+04 
       2.341054796603e-02       2.392746895255e+04 
       2.354248143216e-02       2.386384959388e+04 
       2.367453420274e-02       2.379960878367e+04 
       2.380670879547e-02       2.373481731526e+04 
       2.393900778930e-02       2.366944844467e+04 
       2.407143382608e-02       2.360355577485e+04 
       2.420398961215e-02       2.353703760079e+04 
       2.433667792006e-02       2.347008809020e+04 
       2.446950159031e-02       2.340258028831e+04 
       2.460246353316e-02       2.333453997555e+04 
       2.473556673047e-02       2.326607672880e+04 
       2.486881423768e-02       2.319705720102e+04 
       2.500220918574e-02       2.312765773271e+04 
       2.513575478321e-02       2.305779927288e+04 
       2.526945431838e-02       2.298747636268e+04 
       2.540331116143e-02       2.291672566596e+04 
       2.553732876678e-02       2.284558106684e+04 
       2.567151067536e-02       2.277404376911e+04 
       2.580586051711e-02       2.270215558750e+04 
       2.594038201345e-02       2.262987788231e+04 
       2.607507897991e-02       2.255719843265e+04 
       2.620995532881e-02       2.248416118676e+04 
       2.634501507210e-02       2.241090025157e+04 
       2.648026232417e-02       2.233720006476e+04 
       2.661570130492e-02       2.226319055541e+04 
       2.675133634281e-02       2.218891600424e+04 
       2.688717187812e-02       2.211430717660e+04 
       2.702321246625e-02       2.203944029287e+04 
       2.715946278119e-02       2.196430729181e+04 
       2.729592761910e-02       2.188896264239e+04 
       2.743261190203e-02       2.181327942457e+04 
       2.756952068177e-02       2.173741178284e+04 
       2.770665914387e-02       2.166124512349e+04 
       2.784403261178e-02       2.158493559001e+04 
       2.798164655117e-02       2.150841161831e+04 
       2.811950657441e-02       2.143167785407e+04 
       2.825761844524e-02       2.135469197074e+04 
       2.839598808359e-02       2.127758264297e+04 
       2.853462157063e-02       2.120029483176e+04 
       2.867352515401e-02       2.112280876858e+04 
       2.881270525327e-02       2.104515527311e+04 
       2.895216846553e-02       2.096741636089e+04 
       2.909192157141e-02       2.088947898885e+04 
       2.923197154111e-02       2.081142800857e+04 
       2.937232554085e-02       2.073330265547e+04 
       2.951299093953e-02       2.065496913869e+04 
       2.965397531565e-02       2.057659681896e+04 
       2.979528646459e-02       2.049807110837e+04 
       2.993693240611e-02       2.041949779002e+04 
       3.007892139229e-02       2.034081068439e+04 
       3.022126191569e-02       2.026203406613e+04 
       3.036396271800e-02       2.018321928595e+04 
       3.050703279898e-02       2.010431663455e+04 
       3.065048142582e-02       2.002533509015e+04 
       3.079431814297e-02       1.994631409555e+04 
       3.093855278234e-02       1.986728697157e+04 
       3.108319547409e-02       1.978815554333e+04 
       3.122825665778e-02       1.970908638634e+04 
       3.137374709416e-02       1.962987692598e+04 
       3.151967787743e-02       1.955063123733e+04 
       3.166606044822e-02       1.947142285568e+04 
       3.181290660699e-02       1.939221748743e+04 
       3.196022852831e-02       1.931301814864e+04 
       3.210803877570e-02       1.923376270565e+04 
       3.225635031724e-02       1.915453785699e+04 
       3.240517654198e-02       1.907533345034e+04 
       3.255453127721e-02       1.899606853950e+04 
       3.270442880654e-02       1.891687432485e+04 
       3.285488388903e-02       1.883769858766e+04 
       3.300591177918e-02       1.875855809764e+04 
       3.315752824812e-02       1.867943828166e+04 
       3.330974960584e-02       1.860035123261e+04 
       3.346259272467e-02       1.852130631965e+04 
       3.361607506404e-02       1.844224954782e+04 
       3.377021469655e-02       1.836325629503e+04 
       3.392503033560e-02       1.828434075439e+04 
       3.408054136449e-02       1.820544751008e+04 
       3.423676786725e-02       1.812661832721e+04 
       3.439373066119e-02       1.804782124050e+04 
       3.455145133141e-02       1.796910852102e+04 
       3.470995226731e-02       1.789036687926e+04 
       3.486925670130e-02       1.781184577375e+04 
       3.502938874986e-02       1.773325188886e+04 
       3.519037345711e-02       1.765474157555e+04 
       3.535223684106e-02       1.757627630223e+04 
       3.551500594279e-02       1.749795734330e+04 
       3.567870887877e-02       1.741963746432e+04 
       3.584337489648e-02       1.734143733035e+04 
       3.600903443373e-02       1.726322359797e+04 
       3.617571918181e-02       1.718511087618e+04 
       3.634346215296e-02       1.710711234231e+04 
       3.651229775230e-02       1.702913344238e+04 
       3.668226185481e-02       1.695123540095e+04 
       3.685339188752e-02       1.687336019401e+04 
       3.702572691763e-02       1.679563293649e+04 
       3.719930774681e-02       1.671790312669e+04 
       3.737417701244e-02       1.664024039034e+04 
       3.755037929615e-02       1.656269579817e+04 
       3.772796124057e-02       1.648513697776e+04 
       3.790697167483e-02       1.640770223297e+04 
       3.808746174969e-02       1.633026473255e+04 
       3.826948508320e-02       1.625295694726e+04 
       3.845309791784e-02       1.617564269629e+04 
       3.863835929032e-02       1.609839798135e+04 
       3.882533121509e-02       1.602119183191e+04 
       3.901407888314e-02       1.594401777419e+04 
       3.920467087747e-02       1.586687347500e+04 
       3.939717940688e-02       1.578983049658e+04 
       3.959168056017e-02       1.571274125265e+04 
       3.978825458266e-02       1.563571043892e+04 
       3.998698617760e-02       1.555864761126e+04 
       4.018796483501e-02       1.548169052785e+04 
       4.039128519109e-02       1.540464637691e+04 
       4.059704742158e-02       1.532764359717e+04 
       4.080535767297e-02       1.525067278054e+04 
       4.101632853589e-02       1.517360100358e+04 
       4.123007956581e-02       1.509655657976e+04 
       4.144673785661e-02       1.501947857141e+04 
       4.166643867354e-02       1.494233513928e+04 
       4.188932615315e-02       1.486518856514e+04 
       4.211555407853e-02       1.478794908912e+04 
       4.234528673975e-02       1.471064734454e+04 
       4.257869989088e-02       1.463324859034e+04 
       4.281598181656e-02       1.455575125352e+04 
       4.305733452334e-02       1.447813344440e+04 
       4.330297507337e-02       1.440042619176e+04 
       4.355313708104e-02       1.432257242725e+04 
       4.380807239650e-02       1.424450353936e+04 
       4.406805300438e-02       1.416632352394e+04 
       4.433337317068e-02       1.408790259285e+04 
       4.460435187711e-02       1.400927779891e+04 
       4.488133558933e-02       1.393040219353e+04 
       4.516470141400e-02       1.385128008993e+04 
       4.545486071082e-02       1.377188500600e+04 
       4.575226323807e-02       1.369212059092e+04 
       4.605740192685e-02       1.361203701492e+04 
       4.637081839818e-02       1.353158001052e+04 
       4.669310936223e-02       1.345065885274e+04 
       4.702493406836e-02       1.336928200338e+04 
       4.736702301305e-02       1.328741105534e+04 
       4.772018815940e-02       1.320497105185e+04 
       4.808533498146e-02       1.312194833541e+04 
       4.846347672147e-02       1.303818189941e+04 
       4.885575134241e-02       1.295370505216e+04 
       4.926344177915e-02       1.286842220012e+04 
       4.968800024398e-02       1.278218285276e+04 
       5.013107753792e-02       1.269497498822e+04 
       5.059455856780e-02       1.260660529824e+04 
       5.108060558519e-02       1.251696002647e+04 
       5.159171106315e-02       1.242592452891e+04 
       5.213076262580e-02       1.233323652613e+04 
       5.270112305700e-02       1.223867255312e+04 
       5.330672913607e-02       1.214198591439e+04 
       5.395221384313e-02       1.204285938488e+04 
       5.464305722971e-02       1.194082583759e+04 
       5.538577168151e-02       1.183534465104e+04 
       5.618812680135e-02       1.172572611150e+04 
       5.705941647049e-02       1.161107421742e+04 
       5.801076340283e-02       1.149022294563e+04 
       5.905544030029e-02       1.136155550179e+04 
       6.020915418039e-02       1.122302583109e+04 
       6.149018098162e-02       1.107159302710e+04 
       6.291914101203e-02       1.090356293356e+04 
       6.451807795442e-02       1.071383320992e+04 
       6.630840611933e-02       1.049609274163e+04 
       6.830739924982e-02       1.024311113474e+04 
       7.052349650303e-02       9.947722898730e+03 
       7.295189436118e-02       9.604901483619e+03 
       7.557293695189e-02       9.214221046149e+03 
       7.835514115004e-02       8.781832150751e+03 
       8.126189850357e-02       8.320500810679e+03 
       8.425846316368e-02       7.847717589251e+03 
       8.731630831491e-02       7.382512435536e+03 
       9.041431320543e-02       6.942445788137e+03 
       9.353791558783e-02       6.541381957660e+03 
       9.667753914632e-02       6.188416079306e+03 
       9.982707549813e-02       5.887659252024e+03 
       1.029827024733e-01       5.638649641963e+03 
       1.061420567480e-01       5.437185249991e+03 
       1.093036876159e-01       5.276195901118e+03 
       1.124667084421e-01       5.146715069828e+03 
       1.156305786958e-01       5.038810984996e+03 
       1.187949692772e-01       4.942457687026e+03 
       1.219596799080e-01       4.848454984476e+03 
       1.251245886809e-01       4.749149192767e+03 
       1.282896213282e-01       4.639091405137e+03 
       1.314547325309e-01       4.515390906566e+03 
       1.346198945630e-01       4.377733248560e+03 
       1.377850903932e-01       4.228107158556e+03 
       1.409503094971e-01       4.070269970146e+03 
       1.441155453139e-01       3.909059318641e+03 
       1.472807937020e-01       3.749669629041e+03 
       1.504460520001e-01       3.597020274476e+03 
       1.536113184569e-01       3.455222516604e+03 
       1.567765918839e-01       3.327271182582e+03 
       1.599418714434e-01       3.214860337278e+03 
       1.631071565194e-01       3.118402948181e+03 
       1.662724466385e-01       3.037113380695e+03 
       1.694377414207e-01       2.969238807801e+03 
       1.726030405497e-01       2.912295328800e+03 
       1.757683437535e-01       2.863353863656e+03 
       1.789336507926e-01       2.819321551722e+03 
       1.820989614524e-01       2.777818494771e+03 
       1.852642755379e-01       2.735641320094e+03 
       1.884295928701e-01       2.690568534191e+03 
       1.915949132839e-01       2.641202304102e+03 
       1.947602366262e-01       2.586967601102e+03 
       1.979255627541e-01       2.528106000301e+03 
       2.010908915346e-01       2.465535179321e+03 
       2.042562228429e-01       2.400658571699e+03 
       2.074215565621e-01       2.335106589917e+03 
       2.105868925827e-01       2.270526926259e+03 
       2.137522308015e-01       2.208408891813e+03 
       2.169175711216e-01       2.149947080136e+03 
       2.200829134516e-01       2.096021528621e+03 
       2.232482577053e-01       2.047146354407e+03 
       2.264136038016e-01       2.003480513297e+03 
       2.295789516637e-01       1.964834285195e+03 
       2.327443012191e-01       1.930719087357e+03 
       2.359096523991e-01       1.900384224439e+03 
       2.390750051388e-01       1.872910998899e+03 
       2.422403593767e-01       1.847308296366e+03 
       2.454057150544e-01       1.822612111968e+03 
       2.485710721165e-01       1.797971658903e+03 
       2.517364305105e-01       1.772738254851e+03 
       2.549017901866e-01       1.746466351384e+03 
       2.580671510971e-01       1.719364642337e+03 
       2.612325131970e-01       1.690527715346e+03 
       2.643978764433e-01       1.660643474779e+03 
       2.675632407952e-01       1.630063247006e+03 
       2.707286062134e-01       1.599243682028e+03 
       2.738939726610e-01       1.568704852234e+03 
       2.770593401024e-01       1.538962392050e+03 
       2.802247085037e-01       1.510470466528e+03 
       2.833900778327e-01       1.483574068998e+03 
       2.865554480583e-01       1.458480382220e+03 
       2.897208191511e-01       1.435257585709e+03 
       2.928861910827e-01       1.413841774486e+03 
       2.960515638262e-01       1.394069454803e+03 
       2.992169373556e-01       1.375706653234e+03 
       3.023823116461e-01       1.358475459969e+03 
       3.055476866739e-01       1.342075067855e+03 
       3.087130624163e-01       1.326208543445e+03 
       3.118784388514e-01       1.310596541987e+03 
       3.150438159582e-01       1.295003177708e+03 
       3.182091937165e-01       1.279253859168e+03 
       3.213745721070e-01       1.263248535275e+03 
       3.245399511112e-01       1.246968869014e+03 
       3.277053307110e-01       1.230463258901e+03 
       3.308707108895e-01       1.213836629729e+03 
       3.340360916300e-01       1.197223782994e+03 
       3.372014729166e-01       1.180772614541e+03 
       3.403668547341e-01       1.164627853713e+03 
       3.435322370677e-01       1.148919924617e+03 
       3.466976199031e-01       1.133756374361e+03 
       3.498630032268e-01       1.119218613759e+03 
       3.530283870255e-01       1.105356695593e+03 
       3.561937712865e-01       1.092176867928e+03 
       3.593591559975e-01       1.079651088881e+03 
       3.625245411467e-01       1.067713611947e+03 
       3.656899267227e-01       1.056268446489e+03 
       3.688553127144e-01       1.045217937748e+03 
       3.720206991111e-01       1.034455268430e+03 
       3.751860859027e-01       1.023891175028e+03 
       3.783514730790e-01       1.013452483697e+03 
       3.815168606306e-01       1.003087628317e+03 
       3.846822485481e-01       9.927604399025e+02 
       3.878476368225e-01       9.824532040448e+02 
       3.910130254451e-01       9.721647241618e+02 
       3.941784144075e-01       9.619081798356e+02 
       3.973438037015e-01       9.517135928796e+02 
       4.005091933193e-01       9.416210645682e+02 
       4.036745832531e-01       9.316750536204e+02 
       4.068399734957e-01       9.219191513435e+02 
       4.100053640397e-01       9.123881779618e+02 
       4.131707548784e-01       9.031046368388e+02 
       4.163361460048e-01       8.940804799681e+02 
       4.195015374125e-01       8.853169671786e+02 
       4.226669290951e-01       8.768091295769e+02 
       4.258323210465e-01       8.685468120952e+02 
       4.289977132607e-01       8.605153856526e+02 
       4.321631057319e-01       8.526948677018e+02 
       4.353284984545e-01       8.450600272169e+02 
       4.384938914230e-01       8.375822212299e+02 
       4.416592846321e-01       8.302310340227e+02 
       4.448246780767e-01       8.229788544826e+02 
       4.479900717517e-01       8.158058233105e+02 
       4.511554656523e-01       8.086991259922e+02 
       4.543208597738e-01       8.016535764752e+02 
       4.574862541115e-01       7.946687889391e+02 
       4.606516486609e-01       7.877493789547e+02 
       4.638170434178e-01       7.809006000811e+02 
       4.669824383779e-01       7.741298452372e+02 
       4.701478335371e-01       7.674466661102e+02 
       4.733132288913e-01       7.608628336222e+02 
       4.764786244367e-01       7.543909205968e+02 
       4.796440201695e-01       7.480427668064e+02 
       4.828094160860e-01       7.418263903936e+02 
       4.859748121825e-01       7.357442346314e+02 
       4.891402084555e-01       7.297926702900e+02 
       4.923056049018e-01       7.239641182527e+02 
       4.954710015178e-01       7.182478514428e+02 
       4.986363983004e-01       7.126337316448e+02 
       5.018017952465e-01       7.071119541518e+02 
       5.049671923528e-01       7.016739794280e+02 
       5.081325896165e-01       6.963117143461e+02 
       5.112979870346e-01       6.910174493945e+02 
       5.144633846042e-01       6.857836516207e+02 
       5.176287823226e-01       6.806042766513e+02 
       5.207941801869e-01       6.754761212248e+02 
       5.239595781947e-01       6.703994823183e+02 
       5.271249763432e-01       6.653770183720e+02 
       5.302903746300e-01       6.604137759312e+02 
       5.334557730526e-01       6.555135340539e+02 
       5.366211716085e-01       6.506801793754e+02 
       5.397865702955e-01       6.459150079717e+02 
       5.429519691112e-01       6.412174389670e+02 
       5.461173680533e-01       6.365875067556e+02 
       5.492827671198e-01       6.320246264606e+02 
       5.524481663084e-01       6.275289213087e+02 
       5.556135656170e-01       6.231012891702e+02 
       5.587789650437e-01       6.187403849537e+02 
       5.619443645863e-01       6.144432835212e+02 
       5.651097642430e-01       6.102059277809e+02 
       5.682751640118e-01       6.060237916717e+02 
       5.714405638909e-01       6.018927936852e+02 
       5.746059638785e-01       5.978101791935e+02 
       5.777713639726e-01       5.937741123637e+02 
       5.809367641717e-01       5.897842522004e+02 
       5.841021644740e-01       5.858396427183e+02 
       5.872675648779e-01       5.819389693904e+02 
       5.904329653816e-01       5.780805412894e+02 
       5.935983659835e-01       5.742627139976e+02 
       5.967637666822e-01       5.704846561938e+02 
       5.999291674761e-01       5.667468338865e+02 
       6.030945683637e-01       5.630509886628e+02 
       6.062599693434e-01       5.593986000695e+02 
       6.094253704140e-01       5.557906028522e+02 
       6.125907715738e-01       5.522273024036e+02 
       6.157561728217e-01       5.487074608555e+02 
       6.189215741562e-01       5.452294663610e+02 
       6.220869755760e-01       5.417918593769e+02 
       6.252523770797e-01       5.383937281054e+02 
       6.284177786662e-01       5.350347083174e+02 
       6.315831803342e-01       5.317147547866e+02 
       6.347485820824e-01       5.284328954147e+02 
       6.379139839097e-01       5.251878896913e+02 
       6.410793858148e-01       5.219774724984e+02 
       6.442447877967e-01       5.187996702720e+02 
       6.474101898542e-01       5.156530238740e+02 
       6.505755919862e-01       5.125372292939e+02 
       6.537409941916e-01       5.094525617234e+02 
       6.569063964694e-01       5.063992059211e+02 
       6.600717988185e-01       5.033775401194e+02 
       6.632372012378e-01       5.003871940131e+02 
       6.664026037264e-01       4.974269310512e+02 
       6.695680062834e-01       4.944959307178e+02 
       6.727334089076e-01       4.915934760336e+02 
       6.758988115982e-01       4.887196977992e+02 
       6.790642143543e-01       4.858750140597e+02 
       6.822296171749e-01       4.830601439441e+02 
       6.853950200592e-01       4.802746352657e+02 
       6.885604230062e-01       4.775183102973e+02 
       6.917258260151e-01       4.747895445233e+02 
       6.948912290850e-01       4.720873080920e+02 
       6.980566322152e-01       4.694106916565e+02 
       7.012220354048e-01       4.667592652828e+02 
       7.043874386530e-01       4.641332603753e+02 
       7.075528419589e-01       4.615327386701e+02 
       7.107182453219e-01       4.589574513721e+02 
       7.138836487412e-01       4.564066337526e+02 
       7.170490522160e-01       4.538793064241e+02 
       7.202144557456e-01       4.513744043890e+02 
       7.233798593293e-01       4.488914632262e+02 
       7.265452629663e-01       4.464305382248e+02 
       7.297106666560e-01       4.439919670958e+02 
       7.328760703977e-01       4.415760875992e+02 
       7.360414741907e-01       4.391828944403e+02 
       7.392068780344e-01       4.368118224557e+02 
       7.423722819280e-01       4.344621408676e+02 
       7.455376858711e-01       4.321329639402e+02 
       8.154175937612e-01       3.855232448953e+02 
       9.169911111985e-01       3.308761333601e+02 
       1.078964323307e+00       2.656639570909e+02 
       1.333789886680e+00       1.964237725051e+02 
       1.677282154438e+00       1.386626013791e+02 
       2.111543548485e+00       9.547414883992e+01 
       2.658275741827e+00       6.427876907327e+01 
       3.346570882906e+00       4.240378534890e+01 
       4.213083126860e+00       2.747257647491e+01 
       5.303957410406e+00       1.751671487645e+01 
       6.677286767034e+00       1.101388474406e+01 
       8.406205992855e+00       6.840553233051e+00 
       1.058278634118e+01       4.203051770296e+00 
       1.332293865250e+01       2.557968085820e+00 
       1.677258602941e+01       1.543765592968e+00 
       2.111543477393e+01       9.247015679059e-01 
       2.658275741798e+01       5.501827865861e-01 
       3.346570882906e+01       3.253629745605e-01 
       4.213083126860e+01       1.913651169231e-01 
       5.303957410406e+01       1.120130129980e-01 
       6.677286767034e+01       6.526591427907e-02 
       8.406205992855e+01       3.785942543028e-02 
       1.058278634118e+02       2.189162302578e-02 
       1.332293865250e+02       1.260142946301e-02 
       1.677258602941e+02       7.236077815285e-03 
