# Matter power spectrum P(k) at redshift z=0
# for k=1.02929e-05 to 163.123 h/Mpc,
# number of wavenumbers equal to 624
#    1:k (h/Mpc)              2:P (Mpc/h)^3        
       1.029287750344e-05       4.820215970178e+01 
       2.306408629449e-05       1.054452792943e+02 
       3.587926851773e-05       1.619063115104e+02 
       4.877231764121e-05       2.181242540246e+02 
       6.177767675510e-05       2.744225074162e+02 
       7.493064049969e-05       3.310541748265e+02 
       8.826766647070e-05       3.882432223660e+02 
       1.018267001798e-04       4.462015369215e+02 
       1.156475176793e-04       5.051380231388e+02 
       1.297720899936e-04       5.652644117167e+02 
       1.442449735085e-04       6.267994658055e+02 
       1.591137304203e-04       6.899724091674e+02 
       1.744293831923e-04       7.550262795202e+02 
       1.902469066377e-04       8.222207906975e+02 
       2.066257606630e-04       8.918353735647e+02 
       2.236304657464e-04       9.641721836742e+02 
       2.413312217319e-04       1.039559321902e+03 
       2.598045683113e-04       1.118353753550e+03 
       2.791340823782e-04       1.200944446494e+03 
       2.994111029921e-04       1.287755327742e+03 
       3.207354686251e-04       1.379247681543e+03 
       3.432162433231e-04       1.475922213060e+03 
       3.669723980279e-04       1.578320022000e+03 
       3.921334003248e-04       1.687021845412e+03 
       4.188396502575e-04       1.802646063295e+03 
       4.472426819870e-04       1.925843242581e+03 
       4.775050320361e-04       2.057287658207e+03 
       5.097996567796e-04       2.197665069639e+03 
       5.443087681852e-04       2.347656245389e+03 
       5.812219526636e-04       2.507916665292e+03 
       6.207334498025e-04       2.679053679960e+03 
       6.630385030907e-04       2.861603410553e+03 
       7.083287599620e-04       3.056012064929e+03 
       7.567867966029e-04       3.262623544466e+03 
       8.085799700491e-04       3.481680224676e+03 
       8.638539422511e-04       3.713335229832e+03 
       9.227263530985e-04       3.957671455977e+03 
       9.852812088663e-04       4.214720213521e+03 
       1.051564566164e-03       4.484458633517e+03 
       1.121582007779e-03       4.766779860208e+03 
       1.195298226958e-03       5.061429558786e+03 
       1.272638789155e-03       5.367932960371e+03 
       1.353493875101e-03       5.685522483292e+03 
       1.437723582752e-03       6.013201947737e+03 
       1.525164222992e-03       6.349819890204e+03 
       1.615635004368e-03       6.694175041743e+03 
       1.708944557460e-03       7.045146587435e+03 
       1.804896870773e-03       7.401739155049e+03 
       1.903296360590e-03       7.763035787685e+03 
       2.003951944269e-03       8.128118455002e+03 
       2.106680107721e-03       8.496021927160e+03 
       2.211307043597e-03       8.865773073222e+03 
       2.317669987009e-03       9.236473351677e+03 
       2.425617896367e-03       9.607372585287e+03 
       2.535011626577e-03       9.977861160826e+03 
       2.645723728360e-03       1.034740291198e+04 
       2.757637987539e-03       1.071546861097e+04 
       2.870648796326e-03       1.108153069448e+04 
       2.984660427864e-03       1.144510815277e+04 
       3.099586267052e-03       1.180582004888e+04 
       3.215348035559e-03       1.216337695613e+04 
       3.331875036941e-03       1.251754253202e+04 
       3.449103438556e-03       1.286806830305e+04 
       3.566975600163e-03       1.321470598084e+04 
       3.685439454157e-03       1.355723469981e+04 
       3.804447938978e-03       1.389550199589e+04 
       3.923958484890e-03       1.422940612469e+04 
       4.043932549896e-03       1.455886477238e+04 
       4.164335202629e-03       1.488377135984e+04 
       4.285134748648e-03       1.520401878293e+04 
       4.406302396369e-03       1.551952524156e+04 
       4.527811958903e-03       1.583024771295e+04 
       4.649639588215e-03       1.613617688308e+04 
       4.771763538247e-03       1.643730325058e+04 
       4.894163953891e-03       1.673358939190e+04 
       5.016822682975e-03       1.702499762690e+04 
       5.139723108720e-03       1.731151746211e+04 
       5.262850000337e-03       1.759316443170e+04 
       5.386189379735e-03       1.786997945643e+04 
       5.509728402495e-03       1.814196582351e+04 
       5.633455251495e-03       1.840913860892e+04 
       5.757359041740e-03       1.867148488970e+04 
       5.881429735139e-03       1.892906310923e+04 
       6.005658064095e-03       1.918189527439e+04 
       6.130035462923e-03       1.943003376694e+04 
       6.254554006220e-03       1.967350444147e+04 
       6.379206353425e-03       1.991233149842e+04 
       6.503985698871e-03       2.014653519647e+04 
       6.628885726747e-03       2.037617000600e+04 
       6.753900570425e-03       2.060129188476e+04 
       6.879024775696e-03       2.082193940713e+04 
       7.004253267489e-03       2.103814761730e+04 
       7.129581319714e-03       2.124995079559e+04 
       7.255004527899e-03       2.145737785108e+04 
       7.380518784339e-03       2.166049032312e+04 
       7.506120255487e-03       2.185935175672e+04 
       7.631805361386e-03       2.205399651582e+04 
       7.757570756903e-03       2.224445962195e+04 
       7.883413314624e-03       2.243077926963e+04 
       8.009330109218e-03       2.261301284149e+04 
       8.135318403144e-03       2.279118841823e+04 
       8.261375633566e-03       2.296538418992e+04 
       8.387499400368e-03       2.313564363337e+04 
       8.513687455156e-03       2.330199368260e+04 
       8.639937691168e-03       2.346446639547e+04 
       8.766248133994e-03       2.362312528837e+04 
       8.892616933050e-03       2.377801293359e+04 
       9.019042353725e-03       2.392918073213e+04 
       9.145522770143e-03       2.407666406460e+04 
       9.272056658494e-03       2.422049940203e+04 
       9.398642590880e-03       2.436071718133e+04 
       9.525279229626e-03       2.449737903425e+04 
       9.651965322028e-03       2.463053248362e+04 
       9.778699695493e-03       2.476019863586e+04 
       9.905481253042e-03       2.488643896640e+04 
       1.003230896914e-02       2.500926496843e+04 
       1.015918188586e-02       2.512873528301e+04 
       1.028609910925e-02       2.524488184746e+04 
       1.041305980609e-02       2.535775921406e+04 
       1.054006320074e-02       2.546738910963e+04 
       1.066710857234e-02       2.557381590395e+04 
       1.079419525209e-02       2.567708284014e+04 
       1.092132262083e-02       2.577721580888e+04 
       1.104849010675e-02       2.587427377534e+04 
       1.117569718319e-02       2.596827283660e+04 
       1.130294336672e-02       2.605926989930e+04 
       1.143022821528e-02       2.614727822442e+04 
       1.155755132645e-02       2.623235301939e+04 
       1.168491233583e-02       2.631451933108e+04 
       1.181231091561e-02       2.639381542925e+04 
       1.193974677314e-02       2.647029081060e+04 
       1.206721964965e-02       2.654396441253e+04 
       1.219472931907e-02       2.661486534011e+04 
       1.232227558690e-02       2.668303966842e+04 
       1.244985828920e-02       2.674852304126e+04 
       1.257747729160e-02       2.681134397374e+04 
       1.270513248843e-02       2.687153423620e+04 
       1.283282380188e-02       2.692913218752e+04 
       1.296055118127e-02       2.698416627518e+04 
       1.308831460228e-02       2.703667003752e+04 
       1.321611406636e-02       2.708667940267e+04 
       1.334394960010e-02       2.713423530347e+04 
       1.347182125465e-02       2.717935199564e+04 
       1.359972910526e-02       2.722205737216e+04 
       1.372767325078e-02       2.726239368159e+04 
       1.385565381324e-02       2.730039478442e+04 
       1.398367093749e-02       2.733608747760e+04 
       1.411172479078e-02       2.736950348110e+04 
       1.423981556252e-02       2.740065510064e+04 
       1.436794346395e-02       2.742958226765e+04 
       1.449610872792e-02       2.745631832145e+04 
       1.461807752384e-02       2.747975374886e+04 
       1.462431160861e-02       2.748089316006e+04 
       1.475255238142e-02       2.750332436484e+04 
       1.488083134272e-02       2.752365796622e+04 
       1.500914880979e-02       2.754188240078e+04 
       1.513750512064e-02       2.755806315900e+04 
       1.526590063395e-02       2.757221371688e+04 
       1.539433572899e-02       2.758436591814e+04 
       1.552281080562e-02       2.759455155573e+04 
       1.565132628421e-02       2.760279365035e+04 
       1.577988260566e-02       2.760910790134e+04 
       1.590848023144e-02       2.761354876747e+04 
       1.603711964361e-02       2.761609653783e+04 
       1.616580134488e-02       2.761685002105e+04 
       1.629452585871e-02       2.761578192614e+04 
       1.642329372939e-02       2.761292461193e+04 
       1.655210552215e-02       2.760830572897e+04 
       1.668096182330e-02       2.760194938342e+04 
       1.680986324040e-02       2.759387653332e+04 
       1.693881040241e-02       2.758409380276e+04 
       1.706780395988e-02       2.757265427474e+04 
       1.719684458516e-02       2.755957887414e+04 
       1.732593297262e-02       2.754488384541e+04 
       1.745506983886e-02       2.752860466659e+04 
       1.758425592302e-02       2.751075057669e+04 
       1.771349198700e-02       2.749135303762e+04 
       1.784277881576e-02       2.747043430977e+04 
       1.797211721765e-02       2.744802128028e+04 
       1.810150802469e-02       2.742415958825e+04 
       1.823095209294e-02       2.739880332403e+04 
       1.836045030283e-02       2.737203807378e+04 
       1.849000355954e-02       2.734384687717e+04 
       1.861961279341e-02       2.731428997057e+04 
       1.874927896029e-02       2.728337303090e+04 
       1.887900304201e-02       2.725113201508e+04 
       1.900878604681e-02       2.721754715856e+04 
       1.913862900977e-02       2.718267501596e+04 
       1.926853299333e-02       2.714653518304e+04 
       1.939849908772e-02       2.710914185573e+04 
       1.952852841155e-02       2.707050296712e+04 
       1.965862211226e-02       2.703067863683e+04 
       1.978878136672e-02       2.698965855270e+04 
       1.991900738180e-02       2.694747534720e+04 
       2.004930139491e-02       2.690412168620e+04 
       2.017966467467e-02       2.685966467276e+04 
       2.031009852148e-02       2.681410209736e+04 
       2.044060426822e-02       2.676747596341e+04 
       2.057118328089e-02       2.671971020628e+04 
       2.070183695931e-02       2.667094016239e+04 
       2.083256673785e-02       2.662117802380e+04 
       2.096337408614e-02       2.657038477307e+04 
       2.109426050988e-02       2.651859104474e+04 
       2.122522755157e-02       2.646584003532e+04 
       2.135627679135e-02       2.641212424006e+04 
       2.148740984787e-02       2.635748293072e+04 
       2.161862837909e-02       2.630195463634e+04 
       2.174993408322e-02       2.624547348450e+04 
       2.188132869963e-02       2.618817551733e+04 
       2.201281400979e-02       2.612998496028e+04 
       2.214439183824e-02       2.607100612539e+04 
       2.227606405363e-02       2.601115472850e+04 
       2.240783256973e-02       2.595047852942e+04 
       2.253969934653e-02       2.588908285768e+04 
       2.267166639132e-02       2.582687267337e+04 
       2.280373575984e-02       2.576388020071e+04 
       2.293590955749e-02       2.570015229770e+04 
       2.306818994048e-02       2.563572650841e+04 
       2.320057911715e-02       2.557062666400e+04 
       2.333307934921e-02       2.550478566183e+04 
       2.346569295310e-02       2.543829632852e+04 
       2.359842230137e-02       2.537114002406e+04 
       2.373126982408e-02       2.530334458530e+04 
       2.386423801028e-02       2.523491455490e+04 
       2.399732940951e-02       2.516587247338e+04 
       2.413054663337e-02       2.509622482596e+04 
       2.426389235713e-02       2.502601432244e+04 
       2.439736932139e-02       2.495533010609e+04 
       2.453098033379e-02       2.488393231923e+04 
       2.466472827080e-02       2.481202133951e+04 
       2.479861607953e-02       2.473963218238e+04 
       2.493264677964e-02       2.466671953016e+04 
       2.506682346529e-02       2.459332002165e+04 
       2.520114930717e-02       2.451943710676e+04 
       2.533562755456e-02       2.444503731132e+04 
       2.547026153752e-02       2.437025594875e+04 
       2.560505466908e-02       2.429504130790e+04 
       2.574001044762e-02       2.421931210306e+04 
       2.587513245918e-02       2.414325108863e+04 
       2.601042437997e-02       2.406674382448e+04 
       2.614588997891e-02       2.398983707525e+04 
       2.628153312030e-02       2.391259573898e+04 
       2.641735776653e-02       2.383496487299e+04 
       2.655336798091e-02       2.375697261072e+04 
       2.668956793064e-02       2.367865084730e+04 
       2.682596188982e-02       2.359996518088e+04 
       2.696255424261e-02       2.352101880115e+04 
       2.709934948649e-02       2.344179516055e+04 
       2.723635223565e-02       2.336216132030e+04 
       2.737356722452e-02       2.328234686631e+04 
       2.751099931135e-02       2.320219032717e+04 
       2.764865348205e-02       2.312182797275e+04 
       2.778653485409e-02       2.304120307117e+04 
       2.792464868051e-02       2.296032782201e+04 
       2.806300035424e-02       2.287930577064e+04 
       2.820159541239e-02       2.279791054417e+04 
       2.834043954088e-02       2.271639418285e+04 
       2.847953857912e-02       2.263464076311e+04 
       2.861889852494e-02       2.255269082052e+04 
       2.875852553971e-02       2.247065870311e+04 
       2.889842595368e-02       2.238835251690e+04 
       2.903860627145e-02       2.230593853042e+04 
       2.917907317781e-02       2.222331816948e+04 
       2.931983354364e-02       2.214061324642e+04 
       2.946089443225e-02       2.205775068089e+04 
       2.960226310580e-02       2.197475937334e+04 
       2.974394703211e-02       2.189162688246e+04 
       2.988595389172e-02       2.180836710076e+04 
       3.002829158525e-02       2.172507067280e+04 
       3.017096824107e-02       2.164161963177e+04 
       3.031399222333e-02       2.155813411754e+04 
       3.045737214030e-02       2.147450625769e+04 
       3.060111685314e-02       2.139082934487e+04 
       3.074523548500e-02       2.130712137875e+04 
       3.088973743054e-02       2.122326147456e+04 
       3.103463236595e-02       2.113948164631e+04 
       3.117993025933e-02       2.105559021667e+04 
       3.132564138160e-02       2.097151860625e+04 
       3.147177631795e-02       2.088771909785e+04 
       3.161834597977e-02       2.080366760777e+04 
       3.176536161719e-02       2.071969135072e+04 
       3.191283483216e-02       2.063560027204e+04 
       3.206077759230e-02       2.055151178481e+04 
       3.220920224525e-02       2.046745943687e+04 
       3.235812153389e-02       2.038345858282e+04 
       3.250754861219e-02       2.029939402863e+04 
       3.265749706196e-02       2.021533091090e+04 
       3.280798091042e-02       2.013130036854e+04 
       3.295901464863e-02       2.004730937483e+04 
       3.311061325093e-02       1.996334493027e+04 
       3.326279219542e-02       1.987937662709e+04 
       3.341556748546e-02       1.979546530921e+04 
       3.356895567236e-02       1.971156067986e+04 
       3.372297387933e-02       1.962767603802e+04 
       3.387763982669e-02       1.954397405947e+04 
       3.403297185850e-02       1.946018766446e+04 
       3.418898897072e-02       1.937651210036e+04 
       3.434571084085e-02       1.929281565889e+04 
       3.450315785945e-02       1.920922998994e+04 
       3.466135116331e-02       1.912570762472e+04 
       3.482031267065e-02       1.904224350295e+04 
       3.498006511844e-02       1.895878519552e+04 
       3.514063210185e-02       1.887540650971e+04 
       3.530203811622e-02       1.879215780026e+04 
       3.546430860149e-02       1.870895081523e+04 
       3.562746998951e-02       1.862577476140e+04 
       3.579154975421e-02       1.854270411201e+04 
       3.595657646508e-02       1.845965402670e+04 
       3.612257984399e-02       1.837675814266e+04 
       3.628959082581e-02       1.829387119526e+04 
       3.645764162301e-02       1.821108229978e+04 
       3.662676579455e-02       1.812831089660e+04 
       3.679699831953e-02       1.804569601739e+04 
       3.696837567582e-02       1.796311242464e+04 
       3.714093592425e-02       1.788060686973e+04 
       3.731471879868e-02       1.779816398819e+04 
       3.748976580259e-02       1.771579891646e+04 
       3.766612031264e-02       1.763349908783e+04 
       3.784382768985e-02       1.755127133357e+04 
       3.802293539917e-02       1.746912197676e+04 
       3.820349313800e-02       1.738698351030e+04 
       3.838555297470e-02       1.730495299895e+04 
       3.856916949783e-02       1.722296428139e+04 
       3.875439997730e-02       1.714105037696e+04 
       3.894130453841e-02       1.705915920552e+04 
       3.912994635016e-02       1.697737079972e+04 
       3.932039182918e-02       1.689557173444e+04 
       3.951271086085e-02       1.681380766880e+04 
       3.970697703940e-02       1.673210568455e+04 
       3.990326792886e-02       1.665046718370e+04 
       4.010166534719e-02       1.656881200714e+04 
       4.030225567599e-02       1.648716871505e+04 
       4.050513019852e-02       1.640552511465e+04 
       4.071038546933e-02       1.632395008893e+04 
       4.091812371890e-02       1.624233839688e+04 
       4.112845329736e-02       1.616070640712e+04 
       4.134148916190e-02       1.607905520660e+04 
       4.155735341297e-02       1.599743720547e+04 
       4.177617588532e-02       1.591572629788e+04 
       4.199809480037e-02       1.583399919208e+04 
       4.222325748807e-02       1.575218961072e+04 
       4.245182118662e-02       1.567034634558e+04 
       4.268395393073e-02       1.558837367231e+04 
       4.291983553984e-02       1.550637567829e+04 
       4.315965872020e-02       1.542423327542e+04 
       4.340363029640e-02       1.534195685140e+04 
       4.365197259096e-02       1.525959145485e+04 
       4.390492497319e-02       1.517702238070e+04 
       4.416274560263e-02       1.509432979130e+04 
       4.442571339647e-02       1.501141867924e+04 
       4.469413025563e-02       1.492830276264e+04 
       4.496832359054e-02       1.484497940935e+04 
       4.524864919527e-02       1.476136188769e+04 
       4.553549452798e-02       1.467745301793e+04 
       4.582928246661e-02       1.459325125533e+04 
       4.613047562299e-02       1.450869666750e+04 
       4.643958131505e-02       1.442375672309e+04 
       4.675715731773e-02       1.433841586529e+04 
       4.708381853915e-02       1.425261875216e+04 
       4.742024480033e-02       1.416631144863e+04 
       4.776718993704e-02       1.407947292748e+04 
       4.812549249221e-02       1.399200914106e+04 
       4.849608833057e-02       1.390391551149e+04 
       4.888002558651e-02       1.381506144193e+04 
       4.927848245749e-02       1.372544864007e+04 
       4.969278848291e-02       1.363489887638e+04 
       5.012445011220e-02       1.354335167971e+04 
       5.057518157354e-02       1.345074099364e+04 
       5.104694232019e-02       1.335691199576e+04 
       5.154198266775e-02       1.326168013206e+04 
       5.206289966066e-02       1.316489555846e+04 
       5.261270573457e-02       1.306636569493e+04 
       5.319491338389e-02       1.296579745828e+04 
       5.381363979313e-02       1.286292564427e+04 
       5.447373619548e-02       1.275734341953e+04 
       5.518094743786e-02       1.264856952967e+04 
       5.594210751629e-02       1.253604646683e+04 
       5.676537597128e-02       1.241892928139e+04 
       5.766051653070e-02       1.229626702810e+04 
       5.863921045176e-02       1.216664211799e+04 
       5.971537760219e-02       1.202839205119e+04 
       6.090544019763e-02       1.187896860876e+04 
       6.222839611592e-02       1.171515230914e+04 
       6.370546232163e-02       1.153264890922e+04 
       6.535891845833e-02       1.132576495321e+04 
       6.720970977842e-02       1.108751460280e+04 
       6.927356847375e-02       1.081012469057e+04 
       7.155617076721e-02       1.048633636190e+04 
       7.404912362330e-02       1.011172268609e+04 
       7.672936210720e-02       9.687350571469e+03 
       7.956328397336e-02       9.221416824173e+03 
       8.251391010145e-02       8.728894867137e+03 
       8.554747767902e-02       8.228980342757e+03 
       8.863702926584e-02       7.741703736805e+03 
       9.176299103943e-02       7.284882709852e+03 
       9.491204291776e-02       6.872064069522e+03 
       9.807549975775e-02       6.511608460186e+03 
       1.012478514895e-01       6.206649115446e+03 
       1.044256619181e-01       5.955668644197e+03 
       1.076068107695e-01       5.753412609828e+03 
       1.107899981618e-01       5.591831955517e+03 
       1.139744302283e-01       5.461103155302e+03 
       1.171596231941e-01       5.350605818145e+03 
       1.203452825719e-01       5.249862554101e+03 
       1.235312291541e-01       5.149455910933e+03 
       1.267173538469e-01       5.041801178824e+03 
       1.299035901718e-01       4.921761048273e+03 
       1.330898975454e-01       4.786936262690e+03 
       1.362762511217e-01       4.637614185169e+03 
       1.394626356226e-01       4.476410877988e+03 
       1.426490415928e-01       4.307647466830e+03 
       1.458354631246e-01       4.136603288781e+03 
       1.490218964770e-01       3.968766309481e+03 
       1.522083392356e-01       3.809177573418e+03 
       1.553947898023e-01       3.661940541253e+03 
       1.585812470847e-01       3.529902568992e+03 
       1.617677103066e-01       3.414528272120e+03 
       1.649541788917e-01       3.315936822741e+03 
       1.681406523931e-01       3.233039484448e+03 
       1.713271304493e-01       3.163772426001e+03 
       1.745136127571e-01       3.105369499264e+03 
       1.777000990543e-01       3.054667891954e+03 
       1.808865891093e-01       3.008486905207e+03 
       1.840730827136e-01       2.964296875187e+03 
       1.872595796775e-01       2.918723987188e+03 
       1.904460798266e-01       2.869685815905e+03 
       1.936325829999e-01       2.815907019820e+03 
       1.968190890476e-01       2.756993798447e+03 
       2.000055978303e-01       2.693379001058e+03 
       2.031921092178e-01       2.626184728818e+03 
       2.063786230881e-01       2.556971976286e+03 
       2.095651393269e-01       2.487490703626e+03 
       2.127516578270e-01       2.419447005154e+03 
       2.159381784872e-01       2.354347048735e+03 
       2.191247012127e-01       2.293386287324e+03 
       2.223112259141e-01       2.237391259939e+03 
       2.254977525069e-01       2.186820703418e+03 
       2.286842809115e-01       2.141743958318e+03 
       2.318708110527e-01       2.101890239505e+03 
       2.350573428595e-01       2.066662184324e+03 
       2.382438762644e-01       2.035218140321e+03 
       2.414304112039e-01       2.006559638030e+03 
       2.446169476176e-01       1.979635213054e+03 
       2.478034854482e-01       1.953448626414e+03 
       2.509900246415e-01       1.927592441555e+03 
       2.541765651458e-01       1.900464851856e+03 
       2.573631069121e-01       1.872188763382e+03 
       2.605496498940e-01       1.842585891842e+03 
       2.637361940470e-01       1.811717208424e+03 
       2.669227393290e-01       1.779815367176e+03 
       2.701092856998e-01       1.747289350356e+03 
       2.732958331210e-01       1.714643919955e+03 
       2.764823815562e-01       1.682422860925e+03 
       2.796689309704e-01       1.651169297173e+03 
       2.828554813305e-01       1.621332624452e+03 
       2.860420326046e-01       1.593248527683e+03 
       2.892285847624e-01       1.567097339249e+03 
       2.924151377747e-01       1.542914133312e+03 
       2.956016916139e-01       1.520605595235e+03 
       2.987882462533e-01       1.499978987559e+03 
       3.019748016675e-01       1.480772354418e+03 
       3.051613578321e-01       1.462685530636e+03 
       3.083479147236e-01       1.445401810390e+03 
       3.115344723197e-01       1.428609329697e+03 
       3.147210305988e-01       1.412020447687e+03 
       3.179075895404e-01       1.395403230813e+03 
       3.210941491245e-01       1.378590281591e+03 
       3.242807093322e-01       1.361497337103e+03 
       3.274672701452e-01       1.344121181098e+03 
       3.306538315458e-01       1.326529836854e+03 
       3.338403935172e-01       1.308844971435e+03 
       3.370269560431e-01       1.291213549174e+03 
       3.402135191079e-01       1.273789235231e+03 
       3.434000826965e-01       1.256723221599e+03 
       3.465866467943e-01       1.240146825130e+03 
       3.497732113874e-01       1.224168599366e+03 
       3.529597764624e-01       1.208868053863e+03 
       3.561463420061e-01       1.194283349244e+03 
       3.593329080062e-01       1.180415668732e+03 
       3.625194744505e-01       1.167223878597e+03 
       3.657060413273e-01       1.154630214276e+03 
       3.688926086254e-01       1.142533513915e+03 
       3.720791763339e-01       1.130823408399e+03 
       3.752657444423e-01       1.119394438417e+03 
       3.784523129406e-01       1.108155244461e+03 
       3.816388818188e-01       1.097034543804e+03 
       3.848254510675e-01       1.085981034684e+03 
       3.880120206775e-01       1.074962181033e+03 
       3.911985906400e-01       1.063963392187e+03 
       3.943851609463e-01       1.052986995369e+03 
       3.975717315883e-01       1.042051834396e+03 
       4.007583025578e-01       1.031192177257e+03 
       4.039448738471e-01       1.020451032646e+03 
       4.071314454486e-01       1.009876503560e+03 
       4.103180173550e-01       9.995118137567e+02 
       4.135045895592e-01       9.893923364721e+02 
       4.166911620545e-01       9.795377721702e+02 
       4.198777348341e-01       9.699579532876e+02 
       4.230643078916e-01       9.606521740457e+02 
       4.262508812207e-01       9.516137374771e+02 
       4.294374548154e-01       9.428311472822e+02 
       4.326240286698e-01       9.342880790766e+02 
       4.358106027781e-01       9.259616876647e+02 
       4.389971771348e-01       9.178236447879e+02 
       4.421837517346e-01       9.098444702699e+02 
       4.453703265721e-01       9.019914977565e+02 
       4.485569016423e-01       8.942380201016e+02 
       4.517434769403e-01       8.865643499223e+02 
       4.549300524613e-01       8.789594435950e+02 
       4.581166282005e-01       8.714187631429e+02 
       4.613032041535e-01       8.639442161916e+02 
       4.644897803158e-01       8.565400027523e+02 
       4.676763566831e-01       8.492125017085e+02 
       4.708629332513e-01       8.419699161347e+02 
       4.740495100163e-01       8.348227918367e+02 
       4.772360869742e-01       8.277839178048e+02 
       4.804226641210e-01       8.208668852020e+02 
       4.836092414531e-01       8.140826552862e+02 
       4.867958189668e-01       8.074392607238e+02 
       4.899823966585e-01       8.009367073462e+02 
       4.931689745248e-01       7.945708417191e+02 
       4.963555525623e-01       7.883323745422e+02 
       4.995421307677e-01       7.822098323599e+02 
       5.027287091379e-01       7.761927318484e+02 
       5.059152876696e-01       7.702713551917e+02 
       5.091018663599e-01       7.644365586282e+02 
       5.122884452057e-01       7.586801276223e+02 
       5.154750242043e-01       7.529938809719e+02 
       5.186616033527e-01       7.473701558887e+02 
       5.218481826482e-01       7.418032299384e+02 
       5.250347620882e-01       7.362906605781e+02 
       5.282213416699e-01       7.308331278566e+02 
       5.314079213909e-01       7.254348951143e+02 
       5.345945012486e-01       7.201000263485e+02 
       5.377810812407e-01       7.148334585811e+02 
       5.409676613646e-01       7.096382928830e+02 
       5.441542416182e-01       7.045152442853e+02 
       5.473408219991e-01       6.994639763499e+02 
       5.505274025052e-01       6.944843353071e+02 
       5.537139831341e-01       6.895758335474e+02 
       5.569005638839e-01       6.847385498678e+02 
       5.600871447525e-01       6.799733790163e+02 
       5.632737257378e-01       6.752782004896e+02 
       5.664603068379e-01       6.706500547648e+02 
       5.696468880508e-01       6.660840061387e+02 
       5.728334693747e-01       6.615756692181e+02 
       5.760200508076e-01       6.571206856261e+02 
       5.792066323479e-01       6.527168021894e+02 
       5.823932139937e-01       6.483622349392e+02 
       5.855797957433e-01       6.440566219735e+02 
       5.887663775950e-01       6.397989098483e+02 
       5.919529595471e-01       6.355878084401e+02 
       5.951395415981e-01       6.314210359783e+02 
       5.983261237464e-01       6.272974146307e+02 
       6.015127059904e-01       6.232161933364e+02 
       6.046992883285e-01       6.191781374357e+02 
       6.078858707594e-01       6.151851103355e+02 
       6.110724532815e-01       6.112387641850e+02 
       6.142590358934e-01       6.073400537236e+02 
       6.174456185938e-01       6.034884864362e+02 
       6.206322013813e-01       5.996829141607e+02 
       6.238187842544e-01       5.959213183378e+02 
       6.270053672120e-01       5.922025766824e+02 
       6.301919502528e-01       5.885258885105e+02 
       6.333785333754e-01       5.848906734217e+02 
       6.365651165786e-01       5.812971275254e+02 
       6.397516998613e-01       5.777438950262e+02 
       6.429382832222e-01       5.742293319110e+02 
       6.461248666603e-01       5.707512541870e+02 
       6.493114501743e-01       5.673076773895e+02 
       6.524980337631e-01       5.638972077885e+02 
       6.556846174257e-01       5.605197853526e+02 
       6.588712011609e-01       5.571757007492e+02 
       6.620577849678e-01       5.538652376702e+02 
       6.652443688452e-01       5.505886868907e+02 
       6.684309527923e-01       5.473451774503e+02 
       6.716175368079e-01       5.441338152902e+02 
       6.748041208911e-01       5.409534256963e+02 
       6.779907050410e-01       5.378035965991e+02 
       6.811772892566e-01       5.346849474270e+02 
       6.843638735370e-01       5.315969680352e+02 
       6.875504578813e-01       5.285411329468e+02 
       6.907370422886e-01       5.255169101289e+02 
       6.939236267580e-01       5.225231506837e+02 
       6.971102112887e-01       5.195588560791e+02 
       7.002967958799e-01       5.166226515412e+02 
       7.034833805307e-01       5.137138090721e+02 
       7.066699652403e-01       5.108320209667e+02 
       7.098565500079e-01       5.079775414283e+02 
       7.130431348327e-01       5.051507947100e+02 
       7.162297197141e-01       5.023500719686e+02 
       7.194163046511e-01       4.995758277423e+02 
       7.226028896432e-01       4.968265221530e+02 
       7.257894746895e-01       4.941011880998e+02 
       7.289760597893e-01       4.913994417213e+02 
       7.321626449420e-01       4.887213804293e+02 
       7.353492301468e-01       4.860674883666e+02 
       7.385358154032e-01       4.834379380642e+02 
       7.417224007103e-01       4.808327981064e+02 
       8.087850806091e-01       4.309229640898e+02 
       9.048490290815e-01       3.726343869611e+02 
       1.056335150680e+00       3.027440203299e+02 
       1.298197936037e+00       2.261094122271e+02 
       1.631280563797e+00       1.600842668827e+02 
       2.053599429198e+00       1.103630663626e+02 
       2.585328265331e+00       7.436310685868e+01 
       3.254735450918e+00       4.908165035780e+01 
       4.097469167828e+00       3.180711849764e+01 
       5.158408059422e+00       2.028214192534e+01 
       6.494050990410e+00       1.275182099504e+01 
       8.175525817314e+00       7.918700456946e+00 
       1.029237720620e+01       4.864270004984e+00 
       1.295733521265e+01       2.959495343385e+00 
       1.631231856834e+01       1.785399729354e+00 
       2.053599237097e+01       1.068938190407e+00 
       2.585328265222e+01       6.356886499369e-01 
       3.254735450918e+01       3.757529816119e-01 
       4.097469167828e+01       2.209110491885e-01 
       5.158408059422e+01       1.292296436471e-01 
       6.494050990410e+01       7.523049630000e-02 
       8.175525817314e+01       4.364111581091e-02 
       1.029237720620e+02       2.519849696545e-02 
       1.295733521265e+02       1.450805261291e-02 
       1.631231856834e+02       8.319144463726e-03 
