# Matter power spectrum P(k) at redshift z=0
# for k=1.03205e-05 to 167.726 h/Mpc,
# number of wavenumbers equal to 627
#    1:k (h/Mpc)              2:P (Mpc/h)^3        
       1.032046293901e-05       4.849694778700e+01 
       2.300683923731e-05       1.055521876049e+02 
       3.573656822930e-05       1.618129735833e+02 
       4.854287129140e-05       2.178018123558e+02 
       6.145950357569e-05       2.738278804328e+02 
       7.452104600425e-05       3.301303850286e+02 
       8.776320634053e-05       3.869186006676e+02 
       1.012231332307e-04       4.443881210126e+02 
       1.149397471387e-04       5.027307237464e+02 
       1.289540921310e-04       5.621387041217e+02 
       1.433097124774e-04       6.228092146267e+02 
       1.580530579922e-04       6.849476054680e+02 
       1.732339218979e-04       7.487691947329e+02 
       1.889059146972e-04       8.145029797038e+02 
       2.051269769997e-04       8.823930889556e+02 
       2.219599333672e-04       9.527022979293e+02 
       2.394730878719e-04       1.025714172901e+03 
       2.577408600224e-04       1.101734887836e+03 
       2.768444567846e-04       1.181096684203e+03 
       2.968725723212e-04       1.264160856464e+03 
       3.179221014923e-04       1.351319260943e+03 
       3.400988457333e-04       1.442997161734e+03 
       3.635181803335e-04       1.539656274155e+03 
       3.883056401082e-04       1.641792777112e+03 
       4.145973659236e-04       1.749941757387e+03 
       4.425403377955e-04       1.864673609504e+03 
       4.722923022585e-04       1.986591776330e+03 
       5.040212842068e-04       2.116329054607e+03 
       5.379045595170e-04       2.254537185829e+03 
       5.741269589920e-04       2.401878213202e+03 
       6.128783824900e-04       2.559008610636e+03 
       6.543504313686e-04       2.726562247831e+03 
       6.987321239636e-04       2.905127934690e+03 
       7.462047463595e-04       3.095226728314e+03 
       7.969360069433e-04       3.297291759958e+03 
       8.510737970911e-04       3.511641842019e+03 
       9.087399903518e-04       3.738470876993e+03 
       9.700248087933e-04       3.977830097966e+03 
       1.034982315906e-03       4.229623951336e+03 
       1.103627537169e-03       4.493604627100e+03 
       1.175935557768e-03       4.769371839729e+03 
       1.251842723071e-03       5.056371464583e+03 
       1.331249814473e-03       5.353881241899e+03 
       1.414026844457e-03       5.661046678419e+03 
       1.500018956250e-03       5.976927394239e+03 
       1.589052850273e-03       6.300476256026e+03 
       1.680943190376e-03       6.630607354908e+03 
       1.775498544428e-03       6.966239233922e+03 
       1.872526552716e-03       7.306330508045e+03 
       1.971838160796e-03       7.649894708108e+03 
       2.073250877260e-03       7.996003871457e+03 
       2.176591108685e-03       8.343787858077e+03 
       2.281695681574e-03       8.692432886557e+03 
       2.388412688721e-03       9.041191916060e+03 
       2.496601802506e-03       9.389398015011e+03 
       2.606134188135e-03       9.736467882745e+03 
       2.716892132295e-03       1.008190625253e+04 
       2.828768482244e-03       1.042529671236e+04 
       2.941665970060e-03       1.076628418310e+04 
       3.055496478525e-03       1.110456870618e+04 
       3.170180289688e-03       1.143989296005e+04 
       3.285645344725e-03       1.177203537054e+04 
       3.401826534032e-03       1.210080554556e+04 
       3.518665029222e-03       1.242604358131e+04 
       3.636107663382e-03       1.274760985289e+04 
       3.754106362190e-03       1.306537876793e+04 
       3.872617625906e-03       1.337924170111e+04 
       3.991602060571e-03       1.368909576716e+04 
       4.111023955719e-03       1.399483891359e+04 
       4.230850905288e-03       1.429637782746e+04 
       4.351053468208e-03       1.459362262385e+04 
       4.471604865048e-03       1.488649832756e+04 
       4.592480707249e-03       1.517493553758e+04 
       4.713658755615e-03       1.545888054047e+04 
       4.835118704981e-03       1.573828939360e+04 
       4.956841992246e-03       1.601313516229e+04 
       5.078811625183e-03       1.628338740664e+04 
       5.201012029733e-03       1.654906767687e+04 
       5.323428913691e-03       1.681016206366e+04 
       5.446049144954e-03       1.706669811562e+04 
       5.568860642667e-03       1.731871865171e+04 
       5.691852279824e-03       1.756625037863e+04 
       5.815013796020e-03       1.780934635717e+04 
       5.938335719228e-03       1.804805773782e+04 
       6.061809295569e-03       1.828242575594e+04 
       6.185426426206e-03       1.851249968716e+04 
       6.309179610566e-03       1.873832664981e+04 
       6.433061895187e-03       1.895994161475e+04 
       6.557066827594e-03       1.917738486068e+04 
       6.681188414645e-03       1.939069287853e+04 
       6.805421084879e-03       1.959988683045e+04 
       6.929759654436e-03       1.980499420345e+04 
       7.054199296170e-03       2.000604083475e+04 
       7.178735511636e-03       2.020304105415e+04 
       7.303364105637e-03       2.039602183744e+04 
       7.428081163085e-03       2.058501828494e+04 
       7.552883027932e-03       2.077005287396e+04 
       7.677766283971e-03       2.095115002646e+04 
       7.802727737316e-03       2.112835498857e+04 
       7.927764400406e-03       2.130170386282e+04 
       8.052873477372e-03       2.147122791674e+04 
       8.178052350647e-03       2.163699023415e+04 
       8.303298568705e-03       2.179903728591e+04 
       8.428609834802e-03       2.195742026602e+04 
       8.553983996657e-03       2.211217741900e+04 
       8.679419036961e-03       2.226336565003e+04 
       8.804913064646e-03       2.241103012798e+04 
       8.930464306861e-03       2.255521697275e+04 
       9.056071101568e-03       2.269597289216e+04 
       9.181731890719e-03       2.283333390998e+04 
       9.307445213960e-03       2.296733404858e+04 
       9.433209702824e-03       2.309801667059e+04 
       9.559024075348e-03       2.322541021294e+04 
       9.684887131112e-03       2.334954312563e+04 
       9.810797746641e-03       2.347045166645e+04 
       9.936754871142e-03       2.358816356001e+04 
       1.006275752256e-02       2.370270621637e+04 
       1.018880478393e-02       2.381411445271e+04 
       1.031489579996e-02       2.392240957025e+04 
       1.044102977392e-02       2.402764319004e+04 
       1.056720596466e-02       2.412983129485e+04 
       1.069342368396e-02       2.422902821971e+04 
       1.081968229395e-02       2.432525049886e+04 
       1.094598120481e-02       2.441855252690e+04 
       1.107231987254e-02       2.450896900841e+04 
       1.119869779696e-02       2.459653152321e+04 
       1.132511451983e-02       2.468128971313e+04 
       1.145156962305e-02       2.476326869514e+04 
       1.157806272708e-02       2.484251016438e+04 
       1.170459348938e-02       2.491904399164e+04 
       1.183116160300e-02       2.499290940637e+04 
       1.195776679527e-02       2.506413682104e+04 
       1.208440882659e-02       2.513275624805e+04 
       1.221108748925e-02       2.519879681599e+04 
       1.233780260641e-02       2.526229052922e+04 
       1.246455403111e-02       2.532325874373e+04 
       1.259134164533e-02       2.538174570023e+04 
       1.271816535917e-02       2.543776333952e+04 
       1.284502511008e-02       2.549134823556e+04 
       1.297192086208e-02       2.554253351192e+04 
       1.309885260513e-02       2.559134743989e+04 
       1.322582035451e-02       2.563780049569e+04 
       1.335282415023e-02       2.568194857715e+04 
       1.347986405652e-02       2.572380867393e+04 
       1.360694016134e-02       2.576341296870e+04 
       1.373405257595e-02       2.580080124842e+04 
       1.386120143448e-02       2.583599004698e+04 
       1.398838689360e-02       2.586901153930e+04 
       1.411560913219e-02       2.589990787782e+04 
       1.424286835102e-02       2.592867223376e+04 
       1.437016477249e-02       2.595538350463e+04 
       1.449749864041e-02       2.598002810698e+04 
       1.452091028622e-02       2.598433517823e+04 
       1.462487021981e-02       2.600264959402e+04 
       1.475227979672e-02       2.602326804668e+04 
       1.487972767807e-02       2.604191533829e+04 
       1.500721419151e-02       2.605861486471e+04 
       1.513473968537e-02       2.607337161909e+04 
       1.526230452854e-02       2.608623928603e+04 
       1.538990911046e-02       2.609723405281e+04 
       1.551755384102e-02       2.610637994103e+04 
       1.564523915065e-02       2.611369709004e+04 
       1.577296549024e-02       2.611921490697e+04 
       1.590073333121e-02       2.612295428786e+04 
       1.602854316559e-02       2.612494883719e+04 
       1.615639550603e-02       2.612523710647e+04 
       1.628429088595e-02       2.612382635322e+04 
       1.641222985960e-02       2.612072552142e+04 
       1.654021300222e-02       2.611598072822e+04 
       1.666824091019e-02       2.610958598414e+04 
       1.679631420114e-02       2.610160302627e+04 
       1.692443351418e-02       2.609203903129e+04 
       1.705259951009e-02       2.608087664177e+04 
       1.718081287151e-02       2.606821134588e+04 
       1.730907430318e-02       2.605401087016e+04 
       1.743738453221e-02       2.603833096595e+04 
       1.756574430830e-02       2.602117531199e+04 
       1.769415440405e-02       2.600258384219e+04 
       1.782261561525e-02       2.598255616459e+04 
       1.795112876119e-02       2.596112881965e+04 
       1.807969468499e-02       2.593831908093e+04 
       1.820831425394e-02       2.591414044156e+04 
       1.833698835989e-02       2.588861399943e+04 
       1.846571791958e-02       2.586178830413e+04 
       1.859450387508e-02       2.583360908585e+04 
       1.872334719419e-02       2.580419422354e+04 
       1.885224887084e-02       2.577352130968e+04 
       1.898120992562e-02       2.574157141214e+04 
       1.911023140614e-02       2.570845080263e+04 
       1.923931438760e-02       2.567409608834e+04 
       1.936845997324e-02       2.563860559201e+04 
       1.949766929488e-02       2.560190317140e+04 
       1.962694351347e-02       2.556410781147e+04 
       1.975628381964e-02       2.552517390562e+04 
       1.988569143426e-02       2.548513961960e+04 
       2.001516760905e-02       2.544402344718e+04 
       2.014471362724e-02       2.540185605854e+04 
       2.027433080412e-02       2.535865163383e+04 
       2.040402048780e-02       2.531439021530e+04 
       2.053378405983e-02       2.526914351007e+04 
       2.066362293590e-02       2.522291216046e+04 
       2.079353856663e-02       2.517571860097e+04 
       2.092353243825e-02       2.512760662284e+04 
       2.105360607341e-02       2.507848173932e+04 
       2.118376103199e-02       2.502848942153e+04 
       2.131399891191e-02       2.497763986549e+04 
       2.144432134998e-02       2.492582698115e+04 
       2.157473002279e-02       2.487319683050e+04 
       2.170522664760e-02       2.481976353035e+04 
       2.183581298330e-02       2.476548148878e+04 
       2.196649083135e-02       2.471028519997e+04 
       2.209726203679e-02       2.465438344067e+04 
       2.222812848926e-02       2.459772779914e+04 
       2.235909212405e-02       2.454028944316e+04 
       2.249015492322e-02       2.448209586385e+04 
       2.262131891669e-02       2.442319692192e+04 
       2.275258618342e-02       2.436356618890e+04 
       2.288395885259e-02       2.430326179689e+04 
       2.301543910487e-02       2.424227019928e+04 
       2.314702917366e-02       2.418058075363e+04 
       2.327873134643e-02       2.411830222305e+04 
       2.341054796603e-02       2.405535972813e+04 
       2.354248143216e-02       2.399179364677e+04 
       2.367453420274e-02       2.392759930544e+04 
       2.380670879547e-02       2.386284794339e+04 
       2.393900778930e-02       2.379751271994e+04 
       2.407143382608e-02       2.373164755624e+04 
       2.420398961215e-02       2.366515020544e+04 
       2.433667792006e-02       2.359821588382e+04 
       2.446950159031e-02       2.353071692378e+04 
       2.460246353316e-02       2.346267920792e+04 
       2.473556673047e-02       2.339421286523e+04 
       2.486881423768e-02       2.332518375464e+04 
       2.500220918574e-02       2.325576911897e+04 
       2.513575478321e-02       2.318588939441e+04 
       2.526945431838e-02       2.311553900840e+04 
       2.540331116143e-02       2.304475474153e+04 
       2.553732876678e-02       2.297357057902e+04 
       2.567151067536e-02       2.290198764429e+04 
       2.580586051711e-02       2.283004790182e+04 
       2.594038201345e-02       2.275771241292e+04 
       2.607507897991e-02       2.268496880976e+04 
       2.620995532881e-02       2.261186121798e+04 
       2.634501507210e-02       2.253852444568e+04 
       2.648026232417e-02       2.246474165211e+04 
       2.661570130492e-02       2.239064346233e+04 
       2.675133634281e-02       2.231627437977e+04 
       2.688717187812e-02       2.224156475323e+04 
       2.702321246625e-02       2.216659123306e+04 
       2.715946278119e-02       2.209134571683e+04 
       2.729592761910e-02       2.201588300632e+04 
       2.743261190203e-02       2.194007547473e+04 
       2.756952068177e-02       2.186407820143e+04 
       2.770665914387e-02       2.178777597765e+04 
       2.784403261178e-02       2.171132592006e+04 
       2.798164655117e-02       2.163465611950e+04 
       2.811950657441e-02       2.155777132855e+04 
       2.825761844524e-02       2.148062905746e+04 
       2.839598808359e-02       2.140335883121e+04 
       2.853462157063e-02       2.132590538336e+04 
       2.867352515401e-02       2.124824892661e+04 
       2.881270525327e-02       2.117042056221e+04 
       2.895216846553e-02       2.109250289281e+04 
       2.909192157141e-02       2.101438229800e+04 
       2.923197154111e-02       2.093614422706e+04 
       2.937232554085e-02       2.085782823762e+04 
       2.951299093953e-02       2.077929981433e+04 
       2.965397531565e-02       2.070072940607e+04 
       2.979528646459e-02       2.062200179600e+04 
       2.993693240611e-02       2.054322345669e+04 
       3.007892139229e-02       2.046432784861e+04 
       3.022126191569e-02       2.038533942211e+04 
       3.036396271800e-02       2.030630985866e+04 
       3.050703279898e-02       2.022718915395e+04 
       3.065048142582e-02       2.014798633762e+04 
       3.079431814297e-02       2.006874108230e+04 
       3.093855278234e-02       1.998948689467e+04 
       3.108319547409e-02       1.991012497045e+04 
       3.122825665778e-02       1.983082288070e+04 
       3.137374709416e-02       1.975137676711e+04 
       3.151967787743e-02       1.967189131107e+04 
       3.166606044822e-02       1.959244047045e+04 
       3.181290660699e-02       1.951298970895e+04 
       3.196022852831e-02       1.943354203571e+04 
       3.210803877570e-02       1.935403490906e+04 
       3.225635031724e-02       1.927455555653e+04 
       3.240517654198e-02       1.919509376035e+04 
       3.255453127721e-02       1.911556807317e+04 
       3.270442880654e-02       1.903611053787e+04 
       3.285488388903e-02       1.895666863755e+04 
       3.300591177918e-02       1.887725928855e+04 
       3.315752824812e-02       1.879786787679e+04 
       3.330974960584e-02       1.871850663244e+04 
       3.346259272467e-02       1.863918505352e+04 
       3.361607506404e-02       1.855984887685e+04 
       3.377021469655e-02       1.848057404096e+04 
       3.392503033560e-02       1.840137491442e+04 
       3.408054136449e-02       1.832219581169e+04 
       3.423676786725e-02       1.824307884825e+04 
       3.439373066119e-02       1.816399193286e+04 
       3.455145133141e-02       1.808498774668e+04 
       3.470995226731e-02       1.800595233511e+04 
       3.486925670130e-02       1.792713682545e+04 
       3.502938874986e-02       1.784824605231e+04 
       3.519037345711e-02       1.776943741350e+04 
       3.535223684106e-02       1.769067215197e+04 
       3.551500594279e-02       1.761205221577e+04 
       3.567870887877e-02       1.753342941493e+04 
       3.584337489648e-02       1.745492519668e+04 
       3.600903443373e-02       1.737640533269e+04 
       3.617571918181e-02       1.729798516451e+04 
       3.634346215296e-02       1.721967793721e+04 
       3.651229775230e-02       1.714138845464e+04 
       3.668226185481e-02       1.706317832613e+04 
       3.685339188752e-02       1.698498913125e+04 
       3.702572691763e-02       1.690694680724e+04 
       3.719930774681e-02       1.682889985946e+04 
       3.737417701244e-02       1.675091838967e+04 
       3.755037929615e-02       1.667305383542e+04 
       3.772796124057e-02       1.659517298208e+04 
       3.790697167483e-02       1.651741510706e+04 
       3.808746174969e-02       1.643965259438e+04 
       3.826948508320e-02       1.636201887415e+04 
       3.845309791784e-02       1.628437693226e+04 
       3.863835929032e-02       1.620680336465e+04 
       3.882533121509e-02       1.612926707840e+04 
       3.901407888314e-02       1.605176164036e+04 
       3.920467087747e-02       1.597428478055e+04 
       3.939717940688e-02       1.589690861830e+04 
       3.959168056017e-02       1.581948462797e+04 
       3.978825458266e-02       1.574211826485e+04 
       3.998698617760e-02       1.566471850517e+04 
       4.018796483501e-02       1.558742406986e+04 
       4.039128519109e-02       1.551004084136e+04 
       4.059704742158e-02       1.543269813738e+04 
       4.080535767297e-02       1.535538648083e+04 
       4.101632853589e-02       1.527797202712e+04 
       4.123007956581e-02       1.520058396487e+04 
       4.144673785661e-02       1.512316093822e+04 
       4.166643867354e-02       1.504567089975e+04 
       4.188932615315e-02       1.496817659013e+04 
       4.211555407853e-02       1.489058767531e+04 
       4.234528673975e-02       1.481293506758e+04 
       4.257869989088e-02       1.473518387262e+04 
       4.281598181656e-02       1.465733261265e+04 
       4.305733452334e-02       1.457935936625e+04 
       4.330297507337e-02       1.450129550928e+04 
       4.355313708104e-02       1.442308370623e+04 
       4.380807239650e-02       1.434465498848e+04 
       4.406805300438e-02       1.426611419635e+04 
       4.433337317068e-02       1.418733072121e+04 
       4.460435187711e-02       1.410834194884e+04 
       4.488133558933e-02       1.402910064798e+04 
       4.516470141400e-02       1.394961119509e+04 
       4.545486071082e-02       1.386984694513e+04 
       4.575226323807e-02       1.378971089105e+04 
       4.605740192685e-02       1.370925361085e+04 
       4.637081839818e-02       1.362842053818e+04 
       4.669310936223e-02       1.354712043551e+04 
       4.702493406836e-02       1.346536202059e+04 
       4.736702301305e-02       1.338310686139e+04 
       4.772018815940e-02       1.330027975258e+04 
       4.808533498146e-02       1.321686724787e+04 
       4.846347672147e-02       1.313270746935e+04 
       4.885575134241e-02       1.304783421729e+04 
       4.926344177915e-02       1.296215139479e+04 
       4.968800024398e-02       1.287550755116e+04 
       5.013107753792e-02       1.278789070365e+04 
       5.059455856780e-02       1.269910631501e+04 
       5.108060558519e-02       1.260904012533e+04 
       5.159171106315e-02       1.251757718228e+04 
       5.213076262580e-02       1.242445399411e+04 
       5.270112305700e-02       1.232944623496e+04 
       5.330672913607e-02       1.223230605139e+04 
       5.395221384313e-02       1.213271426709e+04 
       5.464305722971e-02       1.203020047121e+04 
       5.538577168151e-02       1.192422044755e+04 
       5.618812680135e-02       1.181408029120e+04 
       5.705941647049e-02       1.169887875970e+04 
       5.801076340283e-02       1.157744194873e+04 
       5.905544030029e-02       1.144814044670e+04 
       6.020915418039e-02       1.130891205009e+04 
       6.149018098162e-02       1.115669341746e+04 
       6.291914101203e-02       1.098776070824e+04 
       6.451807795442e-02       1.079696674834e+04 
       6.630840611933e-02       1.057794726797e+04 
       6.830739924982e-02       1.032340498200e+04 
       7.052349650303e-02       1.002610511577e+04 
       7.295189436118e-02       9.680964845676e+03 
       7.557293695189e-02       9.287538532366e+03 
       7.835514115004e-02       8.852009810642e+03 
       8.126189850357e-02       8.387238696582e+03 
       8.425846316368e-02       7.910853692354e+03 
       8.731630831491e-02       7.442041414335e+03 
       9.041431320543e-02       6.998512815664e+03 
       9.353791558783e-02       6.594255474839e+03 
       9.667753914632e-02       6.238449247483e+03 
       9.982707549813e-02       5.935248726100e+03 
       1.029827024733e-01       5.684197075471e+03 
       1.061420567480e-01       5.481064811797e+03 
       1.093036876159e-01       5.318728460883e+03 
       1.124667084421e-01       5.188150670069e+03 
       1.156305786958e-01       5.079319516649e+03 
       1.187949692772e-01       4.982126930258e+03 
       1.219596799080e-01       4.887296391306e+03 
       1.251245886809e-01       4.787110159828e+03 
       1.282896213282e-01       4.676073678727e+03 
       1.314547325309e-01       4.551272206676e+03 
       1.346198945630e-01       4.412389066893e+03 
       1.377850903932e-01       4.261430430640e+03 
       1.409503094971e-01       4.102186470420e+03 
       1.441155453139e-01       3.939537190904e+03 
       1.472807937020e-01       3.778722536901e+03 
       1.504460520001e-01       3.624705065195e+03 
       1.536113184569e-01       3.481632361303e+03 
       1.567765918839e-01       3.352526015717e+03 
       1.599418714434e-01       3.239095538749e+03 
       1.631071565194e-01       3.141758109409e+03 
       1.662724466385e-01       3.059721829799e+03 
       1.694377414207e-01       2.991219159422e+03 
       1.726030405497e-01       2.933745004062e+03 
       1.757683437535e-01       2.884345039487e+03 
       1.789336507926e-01       2.839899609544e+03 
       1.820989614524e-01       2.798008168408e+03 
       1.852642755379e-01       2.755439444930e+03 
       1.884295928701e-01       2.709952481857e+03 
       1.915949132839e-01       2.660137094271e+03 
       1.947602366262e-01       2.605413091038e+03 
       1.979255627541e-01       2.546024023276e+03 
       2.010908915346e-01       2.482895424728e+03 
       2.042562228429e-01       2.417442825749e+03 
       2.074215565621e-01       2.351310763457e+03 
       2.105868925827e-01       2.286161247623e+03 
       2.137522308015e-01       2.223496518749e+03 
       2.169175711216e-01       2.164521512048e+03 
       2.200829134516e-01       2.110123877039e+03 
       2.232482577053e-01       2.060822168389e+03 
       2.264136038016e-01       2.016776662292e+03 
       2.295789516637e-01       1.977795886733e+03 
       2.327443012191e-01       1.943386894072e+03 
       2.359096523991e-01       1.912792344682e+03 
       2.390750051388e-01       1.885085419195e+03 
       2.422403593767e-01       1.859266224152e+03 
       2.454057150544e-01       1.834362209826e+03 
       2.485710721165e-01       1.809515053135e+03 
       2.517364305105e-01       1.784070311789e+03 
       2.549017901866e-01       1.757578447560e+03 
       2.580671510971e-01       1.730226109090e+03 
       2.612325131970e-01       1.701150928673e+03 
       2.643978764433e-01       1.671019090634e+03 
       2.675632407952e-01       1.640185012211e+03 
       2.707286062134e-01       1.609109353751e+03 
       2.738939726610e-01       1.578316767153e+03 
       2.770593401024e-01       1.548327436696e+03 
       2.802247085037e-01       1.519599530400e+03 
       2.833900778327e-01       1.492481076990e+03 
       2.865554480583e-01       1.467181089193e+03 
       2.897208191511e-01       1.443768362972e+03 
       2.928861910827e-01       1.422178443702e+03 
       2.960515638262e-01       1.402246402559e+03 
       2.992169373556e-01       1.383736212904e+03 
       3.023823116461e-01       1.366367532432e+03 
       3.055476866739e-01       1.349836917267e+03 
       3.087130624163e-01       1.333844822084e+03 
       3.118784388514e-01       1.318109443545e+03 
       3.150438159582e-01       1.302392826108e+03 
       3.182091937165e-01       1.286518848271e+03 
       3.213745721070e-01       1.270386577168e+03 
       3.245399511112e-01       1.253977511016e+03 
       3.277053307110e-01       1.237340477008e+03 
       3.308707108895e-01       1.220581328913e+03 
       3.340360916300e-01       1.203836054867e+03 
       3.372014729166e-01       1.187253849379e+03 
       3.403668547341e-01       1.170980717244e+03 
       3.435322370677e-01       1.155148235855e+03 
       3.466976199031e-01       1.139864900416e+03 
       3.498630032268e-01       1.125212835615e+03 
       3.530283870255e-01       1.111242535019e+03 
       3.561937712865e-01       1.097960305965e+03 
       3.593591559975e-01       1.085337861721e+03 
       3.625245411467e-01       1.073308874648e+03 
       3.656899267227e-01       1.061776507887e+03 
       3.688553127144e-01       1.050642250012e+03 
       3.720206991111e-01       1.039798345452e+03 
       3.751860859027e-01       1.029154742601e+03 
       3.783514730790e-01       1.018637621308e+03 
       3.815168606306e-01       1.008194963094e+03 
       3.846822485481e-01       9.977902826168e+02 
       3.878476368225e-01       9.874057079159e+02 
       3.910130254451e-01       9.770400293521e+02 
       3.941784144075e-01       9.667065433033e+02 
       3.973438037015e-01       9.564355380204e+02 
       4.005091933193e-01       9.462674670717e+02 
       4.036745832531e-01       9.362471780745e+02 
       4.068399734957e-01       9.264186461265e+02 
       4.100053640397e-01       9.168169999364e+02 
       4.131707548784e-01       9.074649408145e+02 
       4.163361460048e-01       8.983745235628e+02 
       4.195015374125e-01       8.895470183239e+02 
       4.226669290951e-01       8.809774140513e+02 
       4.258323210465e-01       8.726554664702e+02 
       4.289977132607e-01       8.645664155906e+02 
       4.321631057319e-01       8.566901016659e+02 
       4.353284984545e-01       8.490010726058e+02 
       4.384938914230e-01       8.414704338687e+02 
       4.416592846321e-01       8.340675002136e+02 
       4.448246780767e-01       8.267644158299e+02 
       4.479900717517e-01       8.195411471946e+02 
       4.511554656523e-01       8.123847678200e+02 
       4.543208597738e-01       8.052900447483e+02 
       4.574862541115e-01       7.982565870296e+02 
       4.606516486609e-01       7.912890510700e+02 
       4.638170434178e-01       7.843927376360e+02 
       4.669824383779e-01       7.775751039798e+02 
       4.701478335371e-01       7.708457841249e+02 
       4.733132288913e-01       7.642166524287e+02 
       4.764786244367e-01       7.577003933249e+02 
       4.796440201695e-01       7.513089504531e+02 
       4.828094160860e-01       7.450504109303e+02 
       4.859748121825e-01       7.389272389480e+02 
       4.891402084555e-01       7.329357741047e+02 
       4.923056049018e-01       7.270683705485e+02 
       4.954710015178e-01       7.213142053414e+02 
       4.986363983004e-01       7.156630501645e+02 
       5.018017952465e-01       7.101050145886e+02 
       5.049671923528e-01       7.046314841688e+02 
       5.081325896165e-01       6.992342933978e+02 
       5.112979870346e-01       6.939056638751e+02 
       5.144633846042e-01       6.886379966939e+02 
       5.176287823226e-01       6.834251947500e+02 
       5.207941801869e-01       6.782640257525e+02 
       5.239595781947e-01       6.731547881969e+02 
       5.271249763432e-01       6.681001640583e+02 
       5.302903746300e-01       6.631052448730e+02 
       5.334557730526e-01       6.581738424495e+02 
       5.366211716085e-01       6.533098765441e+02 
       5.397865702955e-01       6.485146545230e+02 
       5.429519691112e-01       6.437875909862e+02 
       5.461173680533e-01       6.391287203973e+02 
       5.492827671198e-01       6.345374517108e+02 
       5.524481663084e-01       6.300139089196e+02 
       5.556135656170e-01       6.255589983320e+02 
       5.587789650437e-01       6.211713630304e+02 
       5.619443645863e-01       6.168480512555e+02 
       5.651097642430e-01       6.125849697144e+02 
       5.682751640118e-01       6.083775529508e+02 
       5.714405638909e-01       6.042216837488e+02 
       5.746059638785e-01       6.001145825357e+02 
       5.777713639726e-01       5.960543967306e+02 
       5.809367641717e-01       5.920407826465e+02 
       5.841021644740e-01       5.880727762399e+02 
       5.872675648779e-01       5.841490509236e+02 
       5.904329653816e-01       5.802679002394e+02 
       5.935983659835e-01       5.764276654578e+02 
       5.967637666822e-01       5.726275083857e+02 
       5.999291674761e-01       5.688678988423e+02 
       6.030945683637e-01       5.651505930967e+02 
       6.062599693434e-01       5.614770837304e+02 
       6.094253704140e-01       5.578483141798e+02 
       6.125907715738e-01       5.542645924341e+02 
       6.157561728217e-01       5.507246691305e+02 
       6.189215741562e-01       5.472269181119e+02 
       6.220869755760e-01       5.437698674402e+02 
       6.252523770797e-01       5.403525973714e+02 
       6.284177786662e-01       5.369747399595e+02 
       6.315831803342e-01       5.336362493485e+02 
       6.347485820824e-01       5.303361452732e+02 
       6.379139839097e-01       5.270731765271e+02 
       6.410793858148e-01       5.238450576663e+02 
       6.442447877967e-01       5.206497974467e+02 
       6.474101898542e-01       5.174859241992e+02 
       6.505755919862e-01       5.143531315603e+02 
       6.537409941916e-01       5.112516968822e+02 
       6.569063964694e-01       5.081818061984e+02 
       6.600717988185e-01       5.051438412762e+02 
       6.632372012378e-01       5.021374289365e+02 
       6.664026037264e-01       4.991613216278e+02 
       6.695680062834e-01       4.962146912536e+02 
       6.727334089076e-01       4.932968146332e+02 
       6.758988115982e-01       4.904078241279e+02 
       6.790642143543e-01       4.875481414721e+02 
       6.822296171749e-01       4.847184917924e+02 
       6.853950200592e-01       4.819184189329e+02 
       6.885604230062e-01       4.791477440014e+02 
       6.917258260151e-01       4.764048283219e+02 
       6.948912290850e-01       4.736886327051e+02 
       6.980566322152e-01       4.709982397329e+02 
       7.012220354048e-01       4.683332160524e+02 
       7.043874386530e-01       4.656937953335e+02 
       7.075528419589e-01       4.630800396574e+02 
       7.107182453219e-01       4.604916979105e+02 
       7.138836487412e-01       4.579279989392e+02 
       7.170490522160e-01       4.553879550454e+02 
       7.202144557456e-01       4.528704917522e+02 
       7.233798593293e-01       4.503751403870e+02 
       7.265452629663e-01       4.479019569614e+02 
       7.297106666560e-01       4.454512825079e+02 
       7.328760703977e-01       4.430234577439e+02 
       7.360414741907e-01       4.406184771532e+02 
       7.392068780344e-01       4.382357707605e+02 
       7.423722819280e-01       4.358746017290e+02 
       7.455376858711e-01       4.335340766100e+02 
       8.154175937612e-01       3.867058638840e+02 
       9.169911111985e-01       3.318235171317e+02 
       1.078964323307e+00       2.663597306225e+02 
       1.333789886680e+00       1.968854583246e+02 
       1.677282154438e+00       1.389540780437e+02 
       2.111543548485e+00       9.565360399706e+01 
       2.658275741827e+00       6.438616620445e+01 
       3.346570882906e+00       4.246602748339e+01 
       4.213083126860e+00       2.750743934742e+01 
       5.303957410406e+00       1.753550732750e+01 
       6.677286767034e+00       1.102356449008e+01 
       8.406205992855e+00       6.845253245498e+00 
       1.058278634118e+01       4.205141643059e+00 
       1.332293865250e+01       2.558758133412e+00 
       1.677258602941e+01       1.543954324101e+00 
       2.111543477393e+01       9.246457543191e-01 
       2.658275741798e+01       5.500514890816e-01 
       3.346570882906e+01       3.252279539731e-01 
       4.213083126860e+01       1.912512062277e-01 
       5.303957410406e+01       1.119263042822e-01 
       6.677286767034e+01       6.520497102013e-02 
       8.406205992855e+01       3.781734101191e-02 
       1.058278634118e+02       2.186364900619e-02 
       1.332293865250e+02       1.258315470106e-02 
       1.677258602941e+02       7.224446832470e-03 
