# Matter power spectrum P(k) at redshift z=0
# for k=1.02415e-05 to 159.711 h/Mpc,
# number of wavenumbers equal to 622
#    1:k (h/Mpc)              2:P (Mpc/h)^3        
       1.024149113753e-05       4.905129685762e+01 
       2.305429721528e-05       1.077813424615e+02 
       3.591128286875e-05       1.657065975040e+02 
       4.884667386228e-05       2.233846155477e+02 
       6.189525260485e-05       2.811498110169e+02 
       7.509266503414e-05       3.392641305381e+02 
       8.847573716794e-05       3.979595293310e+02 
       1.020828054938e-04       4.574556808397e+02 
       1.159540653999e-04       5.179693852203e+02 
       1.301319418838e-04       5.797204611819e+02 
       1.446614867835e-04       6.429362155546e+02 
       1.595908067235e-04       7.078550502854e+02 
       1.749715258053e-04       7.747297451361e+02 
       1.908592867315e-04       8.438305717006e+02 
       2.073142934423e-04       9.154484886818e+02 
       2.244018973430e-04       9.898981398600e+02 
       2.421932276502e-04       1.067521059508e+03 
       2.607658640845e-04       1.148689008368e+03 
       2.802045468237e-04       1.233806722804e+03 
       3.006019140024e-04       1.323315014646e+03 
       3.220592507443e-04       1.417693124370e+03 
       3.446872253504e-04       1.517460240356e+03 
       3.686065774835e-04       1.623176470009e+03 
       3.939487097266e-04       1.735441432415e+03 
       4.208561177180e-04       1.854891139830e+03 
       4.494825756360e-04       1.982191963225e+03 
       4.799929742747e-04       2.118030625038e+03 
       5.125626905946e-04       2.263101357914e+03 
       5.473763541476e-04       2.418087234428e+03 
       5.846258725083e-04       2.583640227537e+03 
       6.245075916717e-04       2.760357867413e+03 
       6.672185058676e-04       2.948762205193e+03 
       7.129515009135e-04       3.149283466269e+03 
       7.618897186920e-04       3.362253624404e+03 
       8.142002627750e-04       3.587911481456e+03 
       8.700276112467e-04       3.826418625958e+03 
       9.294872357236e-04       4.077878796722e+03 
       9.926600109711e-04       4.342346434735e+03 
       1.059588003931e-03       4.619810910554e+03 
       1.130272134230e-03       4.910146250281e+03 
       1.204672004429e-03       5.213036667575e+03 
       1.282707939684e-03       5.527907327023e+03 
       1.364265006316e-03       5.853874308940e+03 
       1.449198554954e-03       6.189859309161e+03 
       1.537340699868e-03       6.534676117493e+03 
       1.628507118614e-03       6.887147865155e+03 
       1.722503623326e-03       7.246200829784e+03 
       1.819132085392e-03       7.610856766848e+03 
       1.918195450921e-03       7.980162409707e+03 
       2.019501732573e-03       8.353128043840e+03 
       2.122866982973e-03       8.728735774190e+03 
       2.228117337509e-03       9.106017743775e+03 
       2.335090260990e-03       9.484138374887e+03 
       2.443635150190e-03       9.862406829140e+03 
       2.553613441346e-03       1.024022828094e+04 
       2.664898356501e-03       1.061703296045e+04 
       2.777374401519e-03       1.099226021218e+04 
       2.890936706291e-03       1.136539478161e+04 
       3.005490276653e-03       1.173600917624e+04 
       3.120949209411e-03       1.210377927754e+04 
       3.237235906849e-03       1.246842540985e+04 
       3.354280315387e-03       1.282967827370e+04 
       3.472019204030e-03       1.318727381711e+04 
       3.590395491662e-03       1.354098216983e+04 
       3.709357627511e-03       1.389063403386e+04 
       3.828859025796e-03       1.423610751771e+04 
       3.948857553430e-03       1.457728537951e+04 
       4.069315068234e-03       1.491405569352e+04 
       4.190197004346e-03       1.524629748564e+04 
       4.311472001086e-03       1.557393778041e+04 
       4.433111571437e-03       1.589692807998e+04 
       4.555089806345e-03       1.621522586137e+04 
       4.677383111206e-03       1.652880096976e+04 
       4.799969971177e-03       1.683760367654e+04 
       4.922830742168e-03       1.714162029171e+04 
       5.045947464701e-03       1.744082526934e+04 
       5.169303698065e-03       1.773523270363e+04 
       5.292884372473e-03       1.802483775064e+04 
       5.416675657180e-03       1.830965260566e+04 
       5.540664842744e-03       1.858966297680e+04 
       5.664840235797e-03       1.886489517640e+04 
       5.789191064935e-03       1.913536706415e+04 
       5.913707396431e-03       1.940112532191e+04 
       6.038380058679e-03       1.966217178292e+04 
       6.163200574380e-03       1.991852920883e+04 
       6.288161099609e-03       2.017022264645e+04 
       6.413254368990e-03       2.041729263897e+04 
       6.538473646324e-03       2.065976922294e+04 
       6.663812680047e-03       2.089769673398e+04 
       6.789265663027e-03       2.113108627166e+04 
       6.914827196206e-03       2.135998119794e+04 
       7.040492255703e-03       2.158441763604e+04 
       7.166256162985e-03       2.180444177777e+04 
       7.292114557824e-03       2.202007814124e+04 
       7.418063373710e-03       2.223137122880e+04 
       7.544098815512e-03       2.243836353066e+04 
       7.670217339120e-03       2.264108390378e+04 
       7.796415632904e-03       2.283958064874e+04 
       7.922690600787e-03       2.303389985480e+04 
       8.049039346787e-03       2.322407508571e+04 
       8.175459160878e-03       2.341013383451e+04 
       8.301947506053e-03       2.359213584703e+04 
       8.428502006464e-03       2.377013003306e+04 
       8.555120436549e-03       2.394414223555e+04 
       8.681800711044e-03       2.411421875055e+04 
       8.808540875814e-03       2.428039844646e+04 
       8.935339099409e-03       2.444271659090e+04 
       9.062193665297e-03       2.460121938159e+04 
       9.189102964710e-03       2.475594710678e+04 
       9.316065490038e-03       2.490694377285e+04 
       9.443079828744e-03       2.505423674247e+04 
       9.570144657735e-03       2.519787695708e+04 
       9.697258738166e-03       2.533789264168e+04 
       9.824420910631e-03       2.547432802224e+04 
       9.951630090711e-03       2.560722686747e+04 
       1.007888526485e-02       2.573661643034e+04 
       1.020618548656e-02       2.586253565590e+04 
       1.033352987284e-02       2.598503960943e+04 
       1.046091760091e-02       2.610414536081e+04 
       1.058834790519e-02       2.621990994248e+04 
       1.071582007442e-02       2.633236179435e+04 
       1.084333344906e-02       2.644152171089e+04 
       1.097088741885e-02       2.654745129605e+04 
       1.109848142053e-02       2.665018289479e+04 
       1.122611493572e-02       2.674974565732e+04 
       1.135378748896e-02       2.684617175709e+04 
       1.148149864590e-02       2.693952420590e+04 
       1.160924801157e-02       2.702980732683e+04 
       1.173703522884e-02       2.711706557934e+04 
       1.186485997689e-02       2.720135516323e+04 
       1.199272196990e-02       2.728267867170e+04 
       1.212062095575e-02       2.736108417792e+04 
       1.224855671485e-02       2.743661369533e+04 
       1.237652905900e-02       2.750929798317e+04 
       1.250453783042e-02       2.757917065535e+04 
       1.263258290079e-02       2.764626220107e+04 
       1.276066417034e-02       2.771060944134e+04 
       1.288878156705e-02       2.777225987974e+04 
       1.301693504593e-02       2.783122555519e+04 
       1.314512458826e-02       2.788754642373e+04 
       1.327335020100e-02       2.794126450987e+04 
       1.340161191614e-02       2.799240690466e+04 
       1.352990979022e-02       2.804100628729e+04 
       1.365824390377e-02       2.808708808783e+04 
       1.378661436087e-02       2.813069293901e+04 
       1.391502128875e-02       2.817186368138e+04 
       1.404346483738e-02       2.821060584255e+04 
       1.417194517913e-02       2.824695772038e+04 
       1.430046250847e-02       2.828095786957e+04 
       1.442901704169e-02       2.831262361336e+04 
       1.455760901666e-02       2.834200567192e+04 
       1.466581561348e-02       2.836496629783e+04 
       1.468623869258e-02       2.836911155143e+04 
       1.481490634984e-02       2.839398186370e+04 
       1.494361228981e-02       2.841663967620e+04 
       1.507235683475e-02       2.843712453398e+04 
       1.520114032767e-02       2.845545493103e+04 
       1.532996313226e-02       2.847165779879e+04 
       1.545882563281e-02       2.848578163597e+04 
       1.558772823421e-02       2.849783712676e+04 
       1.571667136188e-02       2.850785306384e+04 
       1.584565546180e-02       2.851586617022e+04 
       1.597468100057e-02       2.852192011199e+04 
       1.610374846537e-02       2.852602463674e+04 
       1.623285836411e-02       2.852820854633e+04 
       1.636201122546e-02       2.852849291489e+04 
       1.649120759898e-02       2.852690384350e+04 
       1.662044805521e-02       2.852347367984e+04 
       1.674973318584e-02       2.851822807461e+04 
       1.687906360384e-02       2.851116314490e+04 
       1.700843994367e-02       2.850233867764e+04 
       1.713786286141e-02       2.849179582990e+04 
       1.726733303503e-02       2.847949446655e+04 
       1.739685116458e-02       2.846553098921e+04 
       1.752641797242e-02       2.844990062704e+04 
       1.765603420353e-02       2.843264535673e+04 
       1.778570062572e-02       2.841375764747e+04 
       1.791541802996e-02       2.839328992716e+04 
       1.804518723068e-02       2.837122898140e+04 
       1.817500906610e-02       2.834763125240e+04 
       1.830488439853e-02       2.832251548428e+04 
       1.843481411481e-02       2.829597270244e+04 
       1.856479912660e-02       2.826787671391e+04 
       1.869484037080e-02       2.823837612856e+04 
       1.882493880999e-02       2.820742182357e+04 
       1.895509543282e-02       2.817507852558e+04 
       1.908531125445e-02       2.814132111867e+04 
       1.921558731703e-02       2.810626851634e+04 
       1.934592469017e-02       2.806981282285e+04 
       1.947632447146e-02       2.803218267343e+04 
       1.960678778692e-02       2.799317730389e+04 
       1.973731579161e-02       2.795296364179e+04 
       1.986790967015e-02       2.791133733634e+04 
       1.999857063727e-02       2.786861809426e+04 
       2.012929993846e-02       2.782467413270e+04 
       2.026009885051e-02       2.777951035960e+04 
       2.039096868220e-02       2.773327663897e+04 
       2.052191077495e-02       2.768583889590e+04 
       2.065292650346e-02       2.763733677556e+04 
       2.078401727644e-02       2.758777655870e+04 
       2.091518453733e-02       2.753700741826e+04 
       2.104642976503e-02       2.748523896250e+04 
       2.117775447466e-02       2.743237785832e+04 
       2.130916021841e-02       2.737866543641e+04 
       2.144064858627e-02       2.732383767233e+04 
       2.157222120696e-02       2.726807054209e+04 
       2.170387974873e-02       2.721128400769e+04 
       2.183562592031e-02       2.715364763422e+04 
       2.196746147182e-02       2.709501928852e+04 
       2.209938819570e-02       2.703562981339e+04 
       2.223140792774e-02       2.697520377623e+04 
       2.236352254806e-02       2.691402164129e+04 
       2.249573398217e-02       2.685194679394e+04 
       2.262804420207e-02       2.678907626866e+04 
       2.276045522733e-02       2.672539109069e+04 
       2.289296912626e-02       2.666088165771e+04 
       2.302558801709e-02       2.659563607451e+04 
       2.315831406921e-02       2.652960980174e+04 
       2.329114950440e-02       2.646287683121e+04 
       2.342409659814e-02       2.639548732149e+04 
       2.355715768099e-02       2.632720659930e+04 
       2.369033513993e-02       2.625839499226e+04 
       2.382363141979e-02       2.618890557171e+04 
       2.395704902475e-02       2.611867377045e+04 
       2.409059051987e-02       2.604789786145e+04 
       2.422425853262e-02       2.597646678366e+04 
       2.435805575453e-02       2.590437793238e+04 
       2.449198494285e-02       2.583175691018e+04 
       2.462604892232e-02       2.575855112160e+04 
       2.476025058688e-02       2.568485658302e+04 
       2.489459290160e-02       2.561048323534e+04 
       2.502907890450e-02       2.553563303716e+04 
       2.516371170861e-02       2.546026693775e+04 
       2.529849450392e-02       2.538438732045e+04 
       2.543343055954e-02       2.530806096459e+04 
       2.556852322584e-02       2.523132466605e+04 
       2.570377593672e-02       2.515395896303e+04 
       2.583919221193e-02       2.507619270150e+04 
       2.597477565944e-02       2.499804022606e+04 
       2.611052997800e-02       2.491937220008e+04 
       2.624645895964e-02       2.484041978154e+04 
       2.638256649237e-02       2.476103403926e+04 
       2.651885656293e-02       2.468124655398e+04 
       2.665533325965e-02       2.460110353552e+04 
       2.679200077539e-02       2.452057321539e+04 
       2.692886341064e-02       2.443985112393e+04 
       2.706592557665e-02       2.435859309714e+04 
       2.720319179872e-02       2.427713116463e+04 
       2.734066671967e-02       2.419524436591e+04 
       2.747835510330e-02       2.411317172300e+04 
       2.761626183810e-02       2.403075234129e+04 
       2.775439194102e-02       2.394812374149e+04 
       2.789275056148e-02       2.386518632018e+04 
       2.803134298538e-02       2.378202996998e+04 
       2.817017463943e-02       2.369862810986e+04 
       2.830925109551e-02       2.361495565311e+04 
       2.844857807531e-02       2.353115598666e+04 
       2.858816145504e-02       2.344691711158e+04 
       2.872800727045e-02       2.336270349966e+04 
       2.886812172193e-02       2.327822128581e+04 
       2.900851117988e-02       2.319355212923e+04 
       2.914918219032e-02       2.310875532820e+04 
       2.929014148064e-02       2.302373180287e+04 
       2.943139596569e-02       2.293856939723e+04 
       2.957295275402e-02       2.285328129369e+04 
       2.971481915449e-02       2.276782917193e+04 
       2.985700268303e-02       2.268229159307e+04 
       2.999951106983e-02       2.259664072636e+04 
       3.014235226669e-02       2.251084179749e+04 
       3.028553445481e-02       2.242490777744e+04 
       3.042906605287e-02       2.233894343244e+04 
       3.057295572543e-02       2.225285143972e+04 
       3.071721239175e-02       2.216672996095e+04 
       3.086184523501e-02       2.208046759114e+04 
       3.100686371189e-02       2.199416257510e+04 
       3.115227756264e-02       2.190781189723e+04 
       3.129809682161e-02       2.182143756819e+04 
       3.144433182820e-02       2.173500046535e+04 
       3.159099323845e-02       2.164843465140e+04 
       3.173809203701e-02       2.156191857599e+04 
       3.188563954983e-02       2.147537316710e+04 
       3.203364745739e-02       2.138884291304e+04 
       3.218212780857e-02       2.130222712770e+04 
       3.233109303523e-02       2.121563581975e+04 
       3.248055596746e-02       2.112902644550e+04 
       3.263052984969e-02       2.104241315035e+04 
       3.278102835747e-02       2.095576442021e+04 
       3.293206561526e-02       2.086921327100e+04 
       3.308365621503e-02       2.078257330913e+04 
       3.323581523586e-02       2.069607014514e+04 
       3.338855826459e-02       2.060956139502e+04 
       3.354190141754e-02       2.052300825370e+04 
       3.369586136341e-02       2.043651764014e+04 
       3.385045534744e-02       2.035003668511e+04 
       3.400570121685e-02       2.026370276160e+04 
       3.416161744775e-02       2.017735269575e+04 
       3.431822317353e-02       2.009105106426e+04 
       3.447553821481e-02       2.000472729676e+04 
       3.463358311124e-02       1.991858804670e+04 
       3.479237915502e-02       1.983236797195e+04 
       3.495194842642e-02       1.974632145830e+04 
       3.511231383146e-02       1.966019373280e+04 
       3.527349914179e-02       1.957425129746e+04 
       3.543552903702e-02       1.948833899931e+04 
       3.559842914967e-02       1.940245823036e+04 
       3.576222611288e-02       1.931663591173e+04 
       3.592694761117e-02       1.923097631486e+04 
       3.609262243438e-02       1.914530679254e+04 
       3.625928053517e-02       1.905966484112e+04 
       3.642695309025e-02       1.897419970551e+04 
       3.659567256560e-02       1.888870422386e+04 
       3.676547278619e-02       1.880335065760e+04 
       3.693638901036e-02       1.871799916287e+04 
       3.710845800932e-02       1.863276313682e+04 
       3.728171815224e-02       1.854759889788e+04 
       3.745620949739e-02       1.846248273183e+04 
       3.763197388971e-02       1.837743635951e+04 
       3.780905506557e-02       1.829246989522e+04 
       3.798749876528e-02       1.820753934479e+04 
       3.816735285393e-02       1.812266819072e+04 
       3.834866745148e-02       1.803789763046e+04 
       3.853149507283e-02       1.795317662449e+04 
       3.871589077891e-02       1.786846426067e+04 
       3.890191233967e-02       1.778382008321e+04 
       3.908962041029e-02       1.769918275176e+04 
       3.927907872177e-02       1.761472737218e+04 
       3.947035428737e-02       1.753023538739e+04 
       3.966351762655e-02       1.744573581864e+04 
       3.985864300801e-02       1.736132328710e+04 
       4.005580871412e-02       1.727690668396e+04 
       4.025509732861e-02       1.719239752395e+04 
       4.045659605040e-02       1.710810727188e+04 
       4.066039703613e-02       1.702381857265e+04 
       4.086659777473e-02       1.693933249419e+04 
       4.107530149759e-02       1.685500243846e+04 
       4.128661762841e-02       1.677065324408e+04 
       4.150066227744e-02       1.668624015379e+04 
       4.171755878532e-02       1.660176045797e+04 
       4.193743832253e-02       1.651729977817e+04 
       4.216044055146e-02       1.643275552641e+04 
       4.238671435878e-02       1.634817790360e+04 
       4.261641866736e-02       1.626346700245e+04 
       4.284972333796e-02       1.617871446231e+04 
       4.308681017288e-02       1.609384098245e+04 
       4.332787403536e-02       1.600887886148e+04 
       4.357312410087e-02       1.592373207644e+04 
       4.382278525913e-02       1.583850550570e+04 
       4.407709968867e-02       1.575309893411e+04 
       4.433632862962e-02       1.566752733095e+04 
       4.460075438492e-02       1.558169878809e+04 
       4.487068258521e-02       1.549566068760e+04 
       4.514644475962e-02       1.540937971577e+04 
       4.542840126197e-02       1.532279954248e+04 
       4.571694461182e-02       1.523595363000e+04 
       4.601250332099e-02       1.514874848102e+04 
       4.631554629059e-02       1.506119244161e+04 
       4.662658788079e-02       1.497323251546e+04 
       4.694619377701e-02       1.488481888355e+04 
       4.727498780267e-02       1.479592982264e+04 
       4.761365986168e-02       1.470655759567e+04 
       4.796297523487e-02       1.461657106160e+04 
       4.832378550608e-02       1.452595733454e+04 
       4.869704145890e-02       1.443463985619e+04 
       4.908380836642e-02       1.434252672433e+04 
       4.948528420101e-02       1.424960063492e+04 
       4.990282142269e-02       1.415574112070e+04 
       5.033795317335e-02       1.406082978049e+04 
       5.079242491853e-02       1.396476120088e+04 
       5.126823285171e-02       1.386738449704e+04 
       5.176767072328e-02       1.376861252451e+04 
       5.229338719285e-02       1.366815067336e+04 
       5.284845634689e-02       1.356580293268e+04 
       5.343646468094e-02       1.346136255878e+04 
       5.406161860762e-02       1.335448251855e+04 
       5.472887735856e-02       1.324472786472e+04 
       5.544411684045e-02       1.313158521121e+04 
       5.621433020630e-02       1.301443477209e+04 
       5.704786982185e-02       1.289244413537e+04 
       5.795473135367e-02       1.276448774276e+04 
       5.894687086367e-02       1.262925102500e+04 
       6.003852468751e-02       1.248470049520e+04 
       6.124646084981e-02       1.232824813495e+04 
       6.259001847973e-02       1.215643766635e+04 
       6.409068075711e-02       1.196460430524e+04 
       6.577079662901e-02       1.174675576746e+04 
       6.765101268357e-02       1.149553223931e+04 
       6.974622646423e-02       1.120284134292e+04 
       7.206070659745e-02       1.086136660827e+04 
       7.458432256294e-02       1.046704528259e+04 
       7.729245601636e-02       1.002173769130e+04 
       8.015063384858e-02       9.534794732730e+03 
       8.312183238282e-02       9.022351019683e+03 
       8.617282990978e-02       8.504566914866e+03 
       8.927742910607e-02       8.002054283701e+03 
       9.241677162812e-02       7.532859919568e+03 
       9.557809810872e-02       7.110442941743e+03 
       9.875312002066e-02       6.742843630816e+03 
       1.019365913176e-01       6.432726407996e+03 
       1.051252452527e-01       6.178049573274e+03 
       1.083170679211e-01       5.973002898284e+03 
       1.115108253237e-01       5.808994250693e+03 
       1.147057640699e-01       5.675715807557e+03 
       1.179014251314e-01       5.562143433395e+03 
       1.210975291067e-01       5.457511920139e+03 
       1.242939059693e-01       5.352247964947e+03 
       1.274904522084e-01       5.238765721769e+03 
       1.306871047391e-01       5.112059658884e+03 
       1.338838250413e-01       4.969965840150e+03 
       1.370805895240e-01       4.813082893930e+03 
       1.402773836733e-01       4.644367824148e+03 
       1.434741984999e-01       4.468402857514e+03 
       1.466710283812e-01       4.290751911337e+03 
       1.498678697509e-01       4.117063424567e+03 
       1.530647203025e-01       3.952466394954e+03 
       1.562615785051e-01       3.801069201147e+03 
       1.594584433085e-01       3.665669466265e+03 
       1.626553139633e-01       3.547616774159e+03 
       1.658521899109e-01       3.446886186572e+03 
       1.690490707162e-01       3.362224387584e+03 
       1.722459560260e-01       3.291399427884e+03 
       1.754428455430e-01       3.231486498228e+03 
       1.786397390094e-01       3.179185898680e+03 
       1.818366361971e-01       3.131299314427e+03 
       1.850335369007e-01       3.085073309796e+03 
       1.882304409327e-01       3.037163617871e+03 
       1.914273481209e-01       2.985499283833e+03 
       1.946242583062e-01       2.928858394504e+03 
       1.978211713404e-01       2.866937941865e+03 
       2.010180870858e-01       2.800280438988e+03 
       2.042150054133e-01       2.730106339623e+03 
       2.074119262025e-01       2.658055013391e+03 
       2.106088493401e-01       2.585954419105e+03 
       2.138057747199e-01       2.515547652508e+03 
       2.170027022420e-01       2.448359611131e+03 
       2.201996318124e-01       2.385578641648e+03 
       2.233965633425e-01       2.328025645708e+03 
       2.265934967487e-01       2.276117565246e+03 
       2.297904319521e-01       2.229892591614e+03 
       2.329873688784e-01       2.189022547548e+03 
       2.361843074571e-01       2.152860571289e+03 
       2.393812476214e-01       2.120511851995e+03 
       2.425781893084e-01       2.090929329871e+03 
       2.457751324582e-01       2.063506009056e+03 
       2.489720770141e-01       2.036186306085e+03 
       2.521690229222e-01       2.008685437749e+03 
       2.553659701316e-01       1.980361846607e+03 
       2.585629185936e-01       1.950822739481e+03 
       2.617598682620e-01       1.919914893828e+03 
       2.649568190929e-01       1.887715039045e+03 
       2.681537710446e-01       1.854498690026e+03 
       2.713507240771e-01       1.820690558033e+03 
       2.745476781524e-01       1.786823259720e+03 
       2.777446332344e-01       1.753466679307e+03 
       2.809415892886e-01       1.721168373170e+03 
       2.841385462818e-01       1.690385060907e+03 
       2.873355041826e-01       1.661443329248e+03 
       2.905324629608e-01       1.634513241532e+03 
       2.937294225877e-01       1.609614339162e+03 
       2.969263830357e-01       1.586638021105e+03 
       3.001233442784e-01       1.565374405775e+03 
       3.033203062906e-01       1.545545224010e+03 
       3.065172690480e-01       1.526842877068e+03 
       3.097142325275e-01       1.508932541490e+03 
       3.129111967068e-01       1.491496490357e+03 
       3.161081615646e-01       1.474244692403e+03 
       3.193051270803e-01       1.456941256581e+03 
       3.225020932344e-01       1.439423127247e+03 
       3.256990600080e-01       1.421613342721e+03 
       3.288960273828e-01       1.403519338289e+03 
       3.320929953415e-01       1.385214643921e+03 
       3.352899638672e-01       1.366830503019e+03 
       3.384869329438e-01       1.348519586976e+03 
       3.416839025559e-01       1.330447221164e+03 
       3.448808726883e-01       1.312760879157e+03 
       3.480778433268e-01       1.295596017366e+03 
       3.512748144574e-01       1.279061391025e+03 
       3.544717860668e-01       1.263233764044e+03 
       3.576687581420e-01       1.248149631944e+03 
       3.608657306707e-01       1.233803896151e+03 
       3.640627036409e-01       1.220150738634e+03 
       3.672596770408e-01       1.207105048606e+03 
       3.704566508595e-01       1.194560978020e+03 
       3.736536250861e-01       1.182405398519e+03 
       3.768505997101e-01       1.170529331517e+03 
       3.800475747215e-01       1.158841018048e+03 
       3.832445501106e-01       1.147269720425e+03 
       3.864415258679e-01       1.135762916855e+03 
       3.896385019844e-01       1.124290968486e+03 
       3.928354784512e-01       1.112840491543e+03 
       3.960324552598e-01       1.101415848247e+03 
       3.992294324020e-01       1.090037915142e+03 
       4.024264098698e-01       1.078743136470e+03 
       4.056233876555e-01       1.067578215828e+03 
       4.088203657516e-01       1.056590609505e+03 
       4.120173441508e-01       1.045825722718e+03 
       4.152143228461e-01       1.035317582547e+03 
       4.184113018306e-01       1.025085693823e+03 
       4.216082810979e-01       1.015138754666e+03 
       4.248052606414e-01       1.005474261985e+03 
       4.280022404550e-01       9.960863063463e+02 
       4.311992205326e-01       9.869612019325e+02 
       4.343962008684e-01       9.780809356686e+02 
       4.375931814568e-01       9.694221624709e+02 
       4.407901622920e-01       9.609566995682e+02 
       4.439871433690e-01       9.526511334086e+02 
       4.471841246823e-01       9.444732771192e+02 
       4.503811062271e-01       9.363960427557e+02 
       4.535780879983e-01       9.284003378392e+02 
       4.567750699912e-01       9.204755656195e+02 
       4.599720522012e-01       9.126176503239e+02 
       4.631690346237e-01       9.048291217233e+02 
       4.663660172544e-01       8.971145661969e+02 
       4.695630000890e-01       8.894805944736e+02 
       4.727599831233e-01       8.819360512216e+02 
       4.759569663534e-01       8.744922690113e+02 
       4.791539497752e-01       8.671622395102e+02 
       4.823509333849e-01       8.599597856043e+02 
       4.855479171789e-01       8.528964461469e+02 
       4.887449011535e-01       8.459785165196e+02 
       4.919418853052e-01       8.392074810731e+02 
       4.951388696305e-01       8.325765027604e+02 
       4.983358541261e-01       8.260763882875e+02 
       5.015328387887e-01       8.196952307082e+02 
       5.047298236151e-01       8.134222351335e+02 
       5.079268086022e-01       8.072474320275e+02 
       5.111237937470e-01       8.011615891563e+02 
       5.143207790466e-01       7.951560949282e+02 
       5.175177644980e-01       7.892227479178e+02 
       5.207147500985e-01       7.833535369862e+02 
       5.239117358453e-01       7.775430799606e+02 
       5.271087217358e-01       7.717890819674e+02 
       5.303057077674e-01       7.660928615375e+02 
       5.335026939374e-01       7.604587135101e+02 
       5.366996802435e-01       7.548910561412e+02 
       5.398966666832e-01       7.493949689782e+02 
       5.430936532541e-01       7.439732631353e+02 
       5.462906399539e-01       7.386262358121e+02 
       5.494876267804e-01       7.333539558472e+02 
       5.526846137314e-01       7.281556923087e+02 
       5.558816008046e-01       7.230312017476e+02 
       5.590785879981e-01       7.179813164240e+02 
       5.622755753097e-01       7.130058039311e+02 
       5.654725627375e-01       7.081027462984e+02 
       5.686695502794e-01       7.032685142082e+02 
       5.718665379336e-01       6.984986076016e+02 
       5.750635256982e-01       6.937877963367e+02 
       5.782605135713e-01       6.891323235806e+02 
       5.814575015512e-01       6.845297592774e+02 
       5.846544896360e-01       6.799784536347e+02 
       5.878514778241e-01       6.754779281857e+02 
       5.910484661139e-01       6.710272222930e+02 
       5.942454545035e-01       6.666247180681e+02 
       5.974424429915e-01       6.622682666948e+02 
       6.006394315763e-01       6.579564947796e+02 
       6.038364202563e-01       6.536889438044e+02 
       6.070334090300e-01       6.494665304578e+02 
       6.102303978960e-01       6.452911655098e+02 
       6.134273868527e-01       6.411646189226e+02 
       6.166243758988e-01       6.370876007939e+02 
       6.198213650329e-01       6.330593857440e+02 
       6.230183542537e-01       6.290787529417e+02 
       6.262153435597e-01       6.251439056614e+02 
       6.294123329498e-01       6.212534860250e+02 
       6.326093224226e-01       6.174065492280e+02 
       6.358063119768e-01       6.136030515059e+02 
       6.390033016113e-01       6.098427283719e+02 
       6.422002913248e-01       6.061241205856e+02 
       6.453972811162e-01       6.024455746209e+02 
       6.485942709843e-01       5.988047823492e+02 
       6.517912609280e-01       5.951996648644e+02 
       6.549882509462e-01       5.916292975876e+02 
       6.581852410377e-01       5.880931668198e+02 
       6.613822312016e-01       5.845919103073e+02 
       6.645792214367e-01       5.811257051202e+02 
       6.677762117421e-01       5.776947415464e+02 
       6.709732021167e-01       5.742982356515e+02 
       6.741701925596e-01       5.709350528034e+02 
       6.773671830698e-01       5.676039840152e+02 
       6.805641736462e-01       5.643049285075e+02 
       6.837611642881e-01       5.610380215091e+02 
       6.869581549945e-01       5.578037631831e+02 
       6.901551457645e-01       5.546028275286e+02 
       6.933521365971e-01       5.514346322662e+02 
       6.965491274916e-01       5.482981053586e+02 
       6.997461184471e-01       5.451921806984e+02 
       7.029431094628e-01       5.421154494016e+02 
       7.061401005377e-01       5.390671893955e+02 
       7.093370916712e-01       5.360471266325e+02 
       7.125340828625e-01       5.330556359872e+02 
       7.157310741107e-01       5.300925831679e+02 
       7.189280654152e-01       5.271574904463e+02 
       7.221250567750e-01       5.242494761724e+02 
       7.253220481897e-01       5.213673731071e+02 
       7.285190396583e-01       5.185102005047e+02 
       7.317160311802e-01       5.156776620031e+02 
       7.349130227547e-01       5.128699585709e+02 
       7.381100143811e-01       5.100874857018e+02 
       8.032289091079e-01       4.584018554743e+02 
       8.955709996463e-01       3.982693558542e+02 
       1.039891849809e+00       3.261088247791e+02 
       1.272058084400e+00       2.454449344051e+02 
       1.597186019204e+00       1.742168893804e+02 
       2.010638256203e+00       1.202529344587e+02 
       2.531243119760e+00       8.110560068084e+01 
       3.186646286559e+00       5.357387025528e+01 
       4.011749988549e+00       3.473980990304e+01 
       5.050494006349e+00       2.216351691062e+01 
       6.358195246707e+00       1.394043090915e+01 
       8.004493569229e+00       8.659885539108e+00 
       1.007706036284e+01       5.321086501557e+00 
       1.268626736697e+01       3.238235127321e+00 
       1.597106436909e+01       1.953972749667e+00 
       2.010637878765e+01       1.170164902543e+00 
       2.531243119493e+01       6.960486739211e-01 
       3.186646286559e+01       4.114998610589e-01 
       4.011749988549e+01       2.419361019669e-01 
       5.050494006349e+01       1.415419764487e-01 
       6.358195246707e+01       8.245179940399e-02 
       8.004493569229e+01       4.780175755265e-02 
       1.007706036284e+02       2.762672558635e-02 
       1.268626736697e+02       1.589644487190e-02 
       1.597106436909e+02       9.124199820695e-03 
