# Matter power spectrum P(k) at redshift z=0
# for k=1.03281e-05 to 168.065 h/Mpc,
# number of wavenumbers equal to 627
#    1:k (h/Mpc)              2:P (Mpc/h)^3        
       1.032805019604e-05       4.748569564576e+01 
       2.303220226661e-05       1.033923310048e+02 
       3.577987141424e-05       1.585300052384e+02 
       4.860441929036e-05       2.134165897175e+02 
       6.153974491321e-05       2.683608252120e+02 
       7.462057872594e-05       3.236033121774e+02 
       8.788278581840e-05       3.793560431010e+02 
       1.013636822436e-04       4.358176024781e+02 
       1.151023683912e-04       4.931845885972e+02 
       1.291400834113e-04       5.516543487252e+02 
       1.435205846950e-04       6.114304085973e+02 
       1.582905563698e-04       6.727256988654e+02 
       1.735000506293e-04       7.357657650664e+02 
       1.892029654067e-04       8.007897610252e+02 
       2.054575613591e-04       8.680554870996e+02 
       2.223270202260e-04       9.378413705481e+02 
       2.398800452333e-04       1.010448891833e+03 
       2.581915021382e-04       1.086205409247e+03 
       2.773430965275e-04       1.165468917476e+03 
       2.974240788109e-04       1.248630227828e+03 
       3.185319626650e-04       1.336114831294e+03 
       3.407732351342e-04       1.428386641818e+03 
       3.642640268361e-04       1.525950593575e+03 
       3.891306984919e-04       1.629354006989e+03 
       4.155102852438e-04       1.739183231899e+03 
       4.435507232494e-04       1.856067822281e+03 
       4.734107648063e-04       1.980670046615e+03 
       5.052594706416e-04       2.113680546194e+03 
       5.392751541473e-04       2.255805525530e+03 
       5.756436468994e-04       2.407749351020e+03 
       6.145557638476e-04       2.570193422484e+03 
       6.562038770645e-04       2.743769010530e+03 
       7.007775653068e-04       2.929029098320e+03 
       7.484583963623e-04       3.126415223977e+03 
       7.994140176656e-04       3.336232719150e+03 
       8.537918663008e-04       3.558629219848e+03 
       9.117129401066e-04       3.793585721300e+03 
       9.732661666146e-04       4.040924423493e+03 
       1.038503933853e-03       4.300324510094e+03 
       1.107439283544e-03       4.571350790790e+03 
       1.180045109711e-03       4.853481281415e+03 
       1.256255476740e-03       5.146131179298e+03 
       1.335968915180e-03       5.448640629963e+03 
       1.419053325084e-03       5.760316961232e+03 
       1.505351961276e-03       6.080443187004e+03 
       1.594689916696e-03       6.408226697072e+03 
       1.686880555832e-03       6.742815034904e+03 
       1.781731456218e-03       7.083294192856e+03 
       1.879049557331e-03       7.428682639593e+03 
       1.978645360489e-03       7.777936922409e+03 
       2.080336146643e-03       8.129979245833e+03 
       2.183948269588e-03       8.483749734189e+03 
       2.289318638138e-03       8.838277396457e+03 
       2.396295526949e-03       9.192742725076e+03 
       2.504738859621e-03       9.546520983771e+03 
       2.614520097276e-03       9.899157633916e+03 
       2.725521847824e-03       1.025032042650e+04 
       2.837637290282e-03       1.059971506655e+04 
       2.950769488169e-03       1.094702676507e+04 
       3.064830647705e-03       1.129188956488e+04 
       3.179741361193e-03       1.163388900437e+04 
       3.295429863612e-03       1.197261111794e+04 
       3.411831320882e-03       1.230769065078e+04 
       3.528887161076e-03       1.263885911649e+04 
       3.646544454633e-03       1.296596925808e+04 
       3.764755345943e-03       1.328898076115e+04 
       3.883476536134e-03       1.360791168101e+04 
       4.002668815275e-03       1.392278312805e+04 
       4.122296641197e-03       1.423355587878e+04 
       4.242327761559e-03       1.454012264495e+04 
       4.362732875585e-03       1.484231996096e+04 
       4.483485331834e-03       1.513996575814e+04 
       4.604560858490e-03       1.543292706269e+04 
       4.725937322854e-03       1.572114795603e+04 
       4.847594516948e-03       1.600466392145e+04 
       4.969513966394e-03       1.628356856887e+04 
       5.091678760017e-03       1.655797112886e+04 
       5.214073397853e-03       1.682797523953e+04 
       5.336683655489e-03       1.709358177671e+04 
       5.459496462900e-03       1.735475058295e+04 
       5.582499796130e-03       1.761140053366e+04 
       5.705682580377e-03       1.786344550909e+04 
       5.829034603185e-03       1.811085112630e+04 
       5.952546436608e-03       1.835365665289e+04 
       6.076209367341e-03       1.859194921655e+04 
       6.200015333933e-03       1.882585589455e+04 
       6.323956870295e-03       1.905549047414e+04 
       6.448027054813e-03       1.928091259584e+04 
       6.572219464453e-03       1.950214115420e+04 
       6.696528133324e-03       1.971914509655e+04 
       6.820947515217e-03       1.993187519753e+04 
       6.945472449693e-03       2.014030637377e+04 
       7.070098131363e-03       2.034447113340e+04 
       7.194820082006e-03       2.054443286953e+04 
       7.319634125252e-03       2.074030450411e+04 
       7.444536363557e-03       2.093220065304e+04 
       7.569523157240e-03       2.112018994083e+04 
       7.694591105379e-03       2.130430427983e+04 
       7.819737028381e-03       2.148454100766e+04 
       7.944957952062e-03       2.166088038180e+04 
       8.070251093088e-03       2.183329438252e+04 
       8.195613845656e-03       2.200182677394e+04 
       8.321043769281e-03       2.216653982293e+04 
       8.446538577606e-03       2.232751761103e+04 
       8.572096128126e-03       2.248485955879e+04 
       8.697714412740e-03       2.263864482418e+04 
       8.823391549072e-03       2.278890713690e+04 
       8.949125772477e-03       2.293566155028e+04 
       9.074915428676e-03       2.307888275173e+04 
       9.200758966964e-03       2.321857471325e+04 
       9.326654933949e-03       2.335473935925e+04 
       9.452601967765e-03       2.348744683559e+04 
       9.578598792722e-03       2.361676196347e+04 
       9.704644214363e-03       2.374278486552e+04 
       9.830737114890e-03       2.386558041386e+04 
       9.956876448920e-03       2.398518937022e+04 
       1.008306123957e-02       2.410162949024e+04 
       1.020929057479e-02       2.421488264582e+04 
       1.033556360402e-02       2.432495146022e+04 
       1.046187953504e-02       2.443185735121e+04 
       1.058823763104e-02       2.453561937594e+04 
       1.071463720797e-02       2.463633202557e+04 
       1.084107763194e-02       2.473405411861e+04 
       1.096755831698e-02       2.482886597554e+04 
       1.109407872281e-02       2.492079962919e+04 
       1.122063835282e-02       2.500987450548e+04 
       1.134723675222e-02       2.509610943597e+04 
       1.147387350626e-02       2.517948091836e+04 
       1.160054823865e-02       2.526000985293e+04 
       1.172726060996e-02       2.533771441585e+04 
       1.185401031632e-02       2.541267560299e+04 
       1.198079708801e-02       2.548495132351e+04 
       1.210762068831e-02       2.555459519689e+04 
       1.223448091234e-02       2.562166419675e+04 
       1.236137758600e-02       2.568617344933e+04 
       1.248831056502e-02       2.574812744051e+04 
       1.261527973399e-02       2.580751650756e+04 
       1.274228500561e-02       2.586436607979e+04 
       1.286932631984e-02       2.591870555820e+04 
       1.299640364318e-02       2.597057155265e+04 
       1.312351696804e-02       2.602003993113e+04 
       1.325066631210e-02       2.606716307271e+04 
       1.337785171775e-02       2.611197278541e+04 
       1.350507325154e-02       2.615450632991e+04 
       1.363233100377e-02       2.619475235457e+04 
       1.375962508796e-02       2.623272474450e+04 
       1.388695564054e-02       2.626843685950e+04 
       1.401432282042e-02       2.630189408251e+04 
       1.414172680871e-02       2.633316614926e+04 
       1.426916780839e-02       2.636228499123e+04 
       1.439664604410e-02       2.638932033879e+04 
       1.452416176184e-02       2.641429498953e+04 
       1.454123820656e-02       2.641749187925e+04 
       1.465171522884e-02       2.643723574450e+04 
       1.477930673332e-02       2.645815254281e+04 
       1.490693658439e-02       2.647703343260e+04 
       1.503460511192e-02       2.649390799219e+04 
       1.516231266642e-02       2.650878059355e+04 
       1.529005961899e-02       2.652170810115e+04 
       1.541784636125e-02       2.653271977529e+04 
       1.554567330534e-02       2.654188163849e+04 
       1.567354088389e-02       2.654922620849e+04 
       1.580144955002e-02       2.655476082645e+04 
       1.592939977743e-02       2.655850302999e+04 
       1.605739206038e-02       2.656047513329e+04 
       1.618542691383e-02       2.656065627501e+04 
       1.631350487348e-02       2.655911266661e+04 
       1.644162649592e-02       2.655583890558e+04 
       1.656979235872e-02       2.655086409612e+04 
       1.669800306062e-02       2.654425207735e+04 
       1.682625922166e-02       2.653603975344e+04 
       1.695456148337e-02       2.652623783857e+04 
       1.708291050895e-02       2.651485140272e+04 
       1.721130698354e-02       2.650188770105e+04 
       1.733975161439e-02       2.648734087368e+04 
       1.746824513114e-02       2.647130200547e+04 
       1.759678828606e-02       2.645371596615e+04 
       1.772538185438e-02       2.643467788055e+04 
       1.785402663454e-02       2.641420320602e+04 
       1.798272344852e-02       2.639230988542e+04 
       1.811147314216e-02       2.636901999666e+04 
       1.824027658554e-02       2.634438018253e+04 
       1.836913467332e-02       2.631836324510e+04 
       1.849804832510e-02       2.629097657012e+04 
       1.862701848588e-02       2.626223920010e+04 
       1.875604612641e-02       2.623219389166e+04 
       1.888513224365e-02       2.620087774848e+04 
       1.901427786124e-02       2.616831025616e+04 
       1.914348402993e-02       2.613451755615e+04 
       1.927275182808e-02       2.609953612077e+04 
       1.940208236219e-02       2.606338192466e+04 
       1.953147676737e-02       2.602600473059e+04 
       1.966093620793e-02       2.598748728112e+04 
       1.979046187793e-02       2.594779075626e+04 
       1.992005500173e-02       2.590697745370e+04 
       2.004971683462e-02       2.586507942057e+04 
       2.017944866345e-02       2.582208907548e+04 
       2.030925180723e-02       2.577809094964e+04 
       2.043912761783e-02       2.573301286953e+04 
       2.056907748067e-02       2.568691643003e+04 
       2.069910281538e-02       2.563987757405e+04 
       2.082920507659e-02       2.559182501248e+04 
       2.095938575463e-02       2.554276107804e+04 
       2.108964637635e-02       2.549274954732e+04 
       2.121998850592e-02       2.544179963393e+04 
       2.135041374560e-02       2.539000332753e+04 
       2.148092373669e-02       2.533731563314e+04 
       2.161152016033e-02       2.528372983158e+04 
       2.174220473845e-02       2.522926051263e+04 
       2.187297923470e-02       2.517401387900e+04 
       2.200384545541e-02       2.511791304159e+04 
       2.213480525061e-02       2.506108275457e+04 
       2.226586051503e-02       2.500328389728e+04 
       2.239701318917e-02       2.494480132401e+04 
       2.252826526041e-02       2.488553675190e+04 
       2.265961876412e-02       2.482552494913e+04 
       2.279107578484e-02       2.476493661816e+04 
       2.292263845746e-02       2.470348310538e+04 
       2.305430896848e-02       2.464146942317e+04 
       2.318608955727e-02       2.457872423156e+04 
       2.331798251742e-02       2.451528589865e+04 
       2.344999019804e-02       2.445120863349e+04 
       2.358211500525e-02       2.438650421634e+04 
       2.371435940353e-02       2.432118819618e+04 
       2.384672591729e-02       2.425532427665e+04 
       2.397921713239e-02       2.418883533189e+04 
       2.411183569771e-02       2.412179473513e+04 
       2.424458432682e-02       2.405419836483e+04 
       2.437746579969e-02       2.398602623127e+04 
       2.451048296440e-02       2.391732320791e+04 
       2.464363873899e-02       2.384812530211e+04 
       2.477693611329e-02       2.377841427676e+04 
       2.491037815092e-02       2.370823469592e+04 
       2.504396799120e-02       2.363759932108e+04 
       2.517770885130e-02       2.356651987074e+04 
       2.531160402831e-02       2.349495571925e+04 
       2.544565690146e-02       2.342296995632e+04 
       2.557987093444e-02       2.335055692211e+04 
       2.571424967770e-02       2.327766522254e+04 
       2.584879677095e-02       2.320446004820e+04 
       2.598351594562e-02       2.313082712381e+04 
       2.611841102755e-02       2.305686792859e+04 
       2.625348593962e-02       2.298257974809e+04 
       2.638874470460e-02       2.290789102748e+04 
       2.652419144805e-02       2.283285417127e+04 
       2.665983040128e-02       2.275749097597e+04 
       2.679566590453e-02       2.268185144465e+04 
       2.693170241015e-02       2.260585269102e+04 
       2.706794448593e-02       2.252959635190e+04 
       2.720439681861e-02       2.245307596851e+04 
       2.734106421748e-02       2.237628606530e+04 
       2.747795161805e-02       2.229922952409e+04 
       2.761506408597e-02       2.222188489762e+04 
       2.775240682104e-02       2.214434492678e+04 
       2.788998516137e-02       2.206654304612e+04 
       2.802780458770e-02       2.198855350518e+04 
       2.816587072793e-02       2.191035930566e+04 
       2.830418936177e-02       2.183195012113e+04 
       2.844276642559e-02       2.175334902119e+04 
       2.858160801750e-02       2.167452214926e+04 
       2.872072040255e-02       2.159555801861e+04 
       2.886011001827e-02       2.151645752825e+04 
       2.899978348026e-02       2.143716042543e+04 
       2.913974758820e-02       2.135773792986e+04 
       2.928000933194e-02       2.127818077262e+04 
       2.942057589796e-02       2.119849943652e+04 
       2.956145467602e-02       2.111870800926e+04 
       2.970265326618e-02       2.103876826498e+04 
       2.984417948601e-02       2.095871859898e+04 
       2.998604137821e-02       2.087856519947e+04 
       3.012824721852e-02       2.079846233967e+04 
       3.027080552392e-02       2.071809862986e+04 
       3.041372506132e-02       2.063770193909e+04 
       3.055701485653e-02       2.055721190774e+04 
       3.070068420364e-02       2.047670143055e+04 
       3.084474267491e-02       2.039614833665e+04 
       3.098920013101e-02       2.031549760092e+04 
       3.113406673182e-02       2.023489692129e+04 
       3.127935294762e-02       2.015421304051e+04 
       3.142506957098e-02       2.007344629291e+04 
       3.157122772903e-02       1.999264249177e+04 
       3.171783889643e-02       1.991187358206e+04 
       3.186491490895e-02       1.983106113053e+04 
       3.201246797770e-02       1.975022639786e+04 
       3.216051070406e-02       1.966946082676e+04 
       3.230905609536e-02       1.958868493334e+04 
       3.245811758135e-02       1.950784632704e+04 
       3.260770903153e-02       1.942705686972e+04 
       3.275784477332e-02       1.934624881430e+04 
       3.290853961122e-02       1.926545130257e+04 
       3.305980884695e-02       1.918476251162e+04 
       3.321166830068e-02       1.910397480078e+04 
       3.336413433336e-02       1.902332316496e+04 
       3.351722387029e-02       1.894263065571e+04 
       3.367095442597e-02       1.886205267469e+04 
       3.382534413035e-02       1.878143485869e+04 
       3.398041175648e-02       1.870096282976e+04 
       3.413617674981e-02       1.862043276290e+04 
       3.429265925907e-02       1.854007291026e+04 
       3.444988016906e-02       1.845959142858e+04 
       3.460786113521e-02       1.837929240724e+04 
       3.476662462033e-02       1.829901940270e+04 
       3.492619393343e-02       1.821876020803e+04 
       3.508659327101e-02       1.813854748376e+04 
       3.524784776078e-02       1.805853708568e+04 
       3.540998350815e-02       1.797846070547e+04 
       3.557302764561e-02       1.789854194616e+04 
       3.573700838531e-02       1.781859592156e+04 
       3.590195507493e-02       1.773878545304e+04 
       3.606789825723e-02       1.765899310538e+04 
       3.623486973360e-02       1.757927859319e+04 
       3.640290263174e-02       1.749963810216e+04 
       3.657203147801e-02       1.742006891316e+04 
       3.674229227470e-02       1.734057948474e+04 
       3.691372258272e-02       1.726112052325e+04 
       3.708636161007e-02       1.718173804613e+04 
       3.726025030666e-02       1.710242356655e+04 
       3.743543146599e-02       1.702320447940e+04 
       3.761194983433e-02       1.694401568798e+04 
       3.778985222798e-02       1.686488688275e+04 
       3.796918765945e-02       1.678578024873e+04 
       3.815000747332e-02       1.670682776217e+04 
       3.833236549262e-02       1.662784502137e+04 
       3.851631817684e-02       1.654897680254e+04 
       3.870192479258e-02       1.647006902476e+04 
       3.888924759817e-02       1.639129074431e+04 
       3.907835204345e-02       1.631255845849e+04 
       3.926930698648e-02       1.623379760757e+04 
       3.946218492866e-02       1.615510856643e+04 
       3.965706227036e-02       1.607640397083e+04 
       3.985401958903e-02       1.599776781748e+04 
       4.005314194235e-02       1.591910084285e+04 
       4.025451919906e-02       1.584051787656e+04 
       4.045824640046e-02       1.576188349415e+04 
       4.066442415621e-02       1.568328573586e+04 
       4.087315907810e-02       1.560467878910e+04 
       4.108456425651e-02       1.552603324401e+04 
       4.129875978427e-02       1.544735073680e+04 
       4.151587333395e-02       1.536869128495e+04 
       4.173604079495e-02       1.528992840938e+04 
       4.195940697803e-02       1.521112705654e+04 
       4.218612639565e-02       1.513226852160e+04 
       4.241636412836e-02       1.505333200564e+04 
       4.265029678838e-02       1.497432606229e+04 
       4.288811359358e-02       1.489520823092e+04 
       4.313001756738e-02       1.481594974024e+04 
       4.337622688201e-02       1.473661246545e+04 
       4.362697636625e-02       1.465707111810e+04 
       4.388251920149e-02       1.457740928747e+04 
       4.414312883492e-02       1.449754782532e+04 
       4.440910114311e-02       1.441748397303e+04 
       4.468075688558e-02       1.433720382229e+04 
       4.495844449527e-02       1.425665956227e+04 
       4.524254326163e-02       1.417587193389e+04 
       4.553346697276e-02       1.409479200280e+04 
       4.583166809646e-02       1.401333062422e+04 
       4.613764259598e-02       1.393156946002e+04 
       4.645193549635e-02       1.384936990752e+04 
       4.677514734164e-02       1.376673561285e+04 
       4.710794171431e-02       1.368364769780e+04 
       4.745105402573e-02       1.360000652966e+04 
       4.780530183494e-02       1.351585987238e+04 
       4.817159701256e-02       1.343101238224e+04 
       4.855096014277e-02       1.334550285034e+04 
       4.894453765216e-02       1.325923223085e+04 
       4.935362227604e-02       1.317210387617e+04 
       4.977967762847e-02       1.308404499235e+04 
       5.022436783954e-02       1.299492300863e+04 
       5.068959347619e-02       1.290469847103e+04 
       5.117753528293e-02       1.281313473549e+04 
       5.169070768400e-02       1.272011192504e+04 
       5.223202449379e-02       1.262541145636e+04 
       5.280487990021e-02       1.252880746249e+04 
       5.341324851364e-02       1.243002577287e+04 
       5.406180907104e-02       1.232868398754e+04 
       5.475609713190e-02       1.222435795142e+04 
       5.550269250475e-02       1.211652295388e+04 
       5.630944657091e-02       1.200438122125e+04 
       5.718575183568e-02       1.188712018050e+04 
       5.814284845407e-02       1.176341259916e+04 
       5.919414562418e-02       1.163163887560e+04 
       6.035550206426e-02       1.148957718664e+04 
       6.164534855499e-02       1.133428239013e+04 
       6.308443686171e-02       1.116171683739e+04 
       6.469487063996e-02       1.096667659443e+04 
       6.649798080772e-02       1.074261101149e+04 
       6.851073448330e-02       1.048206014239e+04 
       7.074100167497e-02       1.017774687343e+04 
       7.318321877371e-02       9.824680706544e+03 
       7.581698525940e-02       9.422714616952e+03 
       7.861033198986e-02       8.978465211087e+03 
       8.152653884059e-02       8.505343459760e+03 
       8.453105176243e-02       8.021385998624e+03 
       8.759567616492e-02       7.546099764807e+03 
       9.069962747901e-02       7.097321718842e+03 
       9.382861705664e-02       6.689030628094e+03 
       9.697326639426e-02       6.330298103017e+03 
       1.001276005294e-01       6.025093305326e+03 
       1.032878836024e-01       5.772706980907e+03 
       1.064518067307e-01       5.568688663782e+03 
       1.096179530262e-01       5.405683402985e+03 
       1.127854566675e-01       5.274417889954e+03 
       1.159537898624e-01       5.164706958540e+03 
       1.191226312811e-01       5.066296376247e+03 
       1.222917853762e-01       4.969820617051e+03 
       1.254611331175e-01       4.867551177335e+03 
       1.286306019860e-01       4.754036442393e+03 
       1.318001477263e-01       4.626444063823e+03 
       1.349697432588e-01       4.484587609743e+03 
       1.381393719459e-01       4.330612316415e+03 
       1.413090235030e-01       4.168452580035e+03 
       1.444786915161e-01       4.003093873927e+03 
       1.476483719332e-01       3.839869887513e+03 
       1.508180621485e-01       3.683783895804e+03 
       1.539877604450e-01       3.539004568391e+03 
       1.571574656556e-01       3.408533116068e+03 
       1.603271769564e-01       3.294038512665e+03 
       1.634968937403e-01       3.195878254523e+03 
       1.666666155397e-01       3.113192277907e+03 
       1.698363419788e-01       3.044142254733e+03 
       1.730060727441e-01       2.986149630411e+03 
       1.761758075658e-01       2.936201104500e+03 
       1.793455462061e-01       2.891126933136e+03 
       1.825152884517e-01       2.848536873791e+03 
       1.856850341088e-01       2.805103441675e+03 
       1.888547829994e-01       2.758612500245e+03 
       1.920245349592e-01       2.707679138769e+03 
       1.951942898359e-01       2.651759879073e+03 
       1.983640474874e-01       2.591139058089e+03 
       2.015338077812e-01       2.526790592179e+03 
       2.047035705931e-01       2.460156782686e+03 
       2.078733358069e-01       2.392943694222e+03 
       2.110431033134e-01       2.326810857713e+03 
       2.142128730100e-01       2.263269981400e+03 
       2.173826448002e-01       2.203537090305e+03 
       2.205524185929e-01       2.148494804453e+03 
       2.237221943025e-01       2.098644367787e+03 
       2.268919718480e-01       2.054132951175e+03 
       2.300617511531e-01       2.014750034701e+03 
       2.332315321455e-01       1.979978222806e+03 
       2.364013147569e-01       1.949036234721e+03 
       2.395710989226e-01       1.920978142588e+03 
       2.427408845813e-01       1.894787349344e+03 
       2.459106716749e-01       1.869478181204e+03 
       2.490804601483e-01       1.844194330960e+03 
       2.522502499492e-01       1.818272696238e+03 
       2.554200410278e-01       1.791696519280e+03 
       2.585898333368e-01       1.763342464189e+03 
       2.617596268313e-01       1.733730493615e+03 
       2.649294214684e-01       1.703062450447e+03 
       2.680992172075e-01       1.671702086949e+03 
       2.712690140096e-01       1.640123988306e+03 
       2.744388118378e-01       1.608860786150e+03 
       2.776086106566e-01       1.578439412303e+03 
       2.807784104323e-01       1.549321606796e+03 
       2.839482111327e-01       1.521849361155e+03 
       2.871180127271e-01       1.496231776987e+03 
       2.902878151858e-01       1.472529708841e+03 
       2.934576184809e-01       1.450670120043e+03 
       2.966274225854e-01       1.430484803083e+03 
       2.997972274733e-01       1.411728455798e+03 
       3.029670331201e-01       1.394116662883e+03 
       3.061368395021e-01       1.377338790965e+03 
       3.093066465964e-01       1.361093171572e+03 
       3.124764543813e-01       1.345094245297e+03 
       3.156462628360e-01       1.329103881727e+03 
       3.188160719403e-01       1.312946522891e+03 
       3.219858816750e-01       1.296525404467e+03 
       3.251556920214e-01       1.279822961303e+03 
       3.283255029620e-01       1.262893819092e+03 
       3.314953144794e-01       1.245848060788e+03 
       3.346651265572e-01       1.228824847275e+03 
       3.378349391797e-01       1.211974075003e+03 
       3.410047523314e-01       1.195445057016e+03 
       3.441745659978e-01       1.179368894336e+03 
       3.473443801647e-01       1.163855357025e+03 
       3.505141948185e-01       1.148988567027e+03 
       3.536840099459e-01       1.134810479019e+03 
       3.568538255343e-01       1.121332876763e+03 
       3.600236415716e-01       1.108523684848e+03 
       3.631934580458e-01       1.096308624191e+03 
       3.663632749456e-01       1.084596436221e+03 
       3.695330922600e-01       1.073281222451e+03 
       3.727029099784e-01       1.062254383185e+03 
       3.758727280905e-01       1.051427535527e+03 
       3.790425465864e-01       1.040727256641e+03 
       3.822123654565e-01       1.030098204420e+03 
       3.853821846915e-01       1.019508146589e+03 
       3.885520042825e-01       1.008937550665e+03 
       3.917218242207e-01       9.983865010814e+02 
       3.948916444979e-01       9.878707234780e+02 
       3.980614651058e-01       9.774190105181e+02 
       4.012312860366e-01       9.670746040097e+02 
       4.044011072827e-01       9.568823375695e+02 
       4.075709288367e-01       9.468873848573e+02 
       4.107407506914e-01       9.371242198762e+02 
       4.139105728399e-01       9.276150078535e+02 
       4.170803952754e-01       9.183718657465e+02 
       4.202502179916e-01       9.093953753483e+02 
       4.234200409819e-01       9.006799005660e+02 
       4.265898642403e-01       8.922154912176e+02 
       4.297596877609e-01       8.839866956764e+02 
       4.329295115378e-01       8.759727409490e+02 
       4.360993355655e-01       8.681475139239e+02 
       4.392691598385e-01       8.604806578314e+02 
       4.424389843515e-01       8.529426873465e+02 
       4.456088090994e-01       8.455050424034e+02 
       4.487786340771e-01       8.381475149955e+02 
       4.519484592798e-01       8.308574424668e+02 
       4.551182847029e-01       8.236295610430e+02 
       4.582881103417e-01       8.164647979782e+02 
       4.614579361917e-01       8.093671104513e+02 
       4.646277622486e-01       8.023420998041e+02 
       4.677975885083e-01       7.953973527237e+02 
       4.709674149665e-01       7.885431886532e+02 
       4.741372416193e-01       7.817913455768e+02 
       4.773070684629e-01       7.751548012063e+02 
       4.804768954933e-01       7.686454240847e+02 
       4.836467227070e-01       7.622714129611e+02 
       4.868165501003e-01       7.560346027559e+02 
       4.899863776697e-01       7.499314814453e+02 
       4.931562054119e-01       7.439535938748e+02 
       4.963260333235e-01       7.380901119965e+02 
       4.994958614013e-01       7.323307315241e+02 
       5.026656896421e-01       7.266654526085e+02 
       5.058355180429e-01       7.210857941087e+02 
       5.090053466006e-01       7.155831726022e+02 
       5.121751753123e-01       7.101497679572e+02 
       5.153450041753e-01       7.047781707163e+02 
       5.185148331866e-01       6.994621138148e+02 
       5.216846623436e-01       6.941982633558e+02 
       5.248544916436e-01       6.889873521433e+02 
       5.280243210841e-01       6.838324606222e+02 
       5.311941506625e-01       6.787381810584e+02 
       5.343639803764e-01       6.737090171060e+02 
       5.375338102234e-01       6.687484844947e+02 
       5.407036402011e-01       6.638574914342e+02 
       5.438734703072e-01       6.590360978728e+02 
       5.470433005395e-01       6.542837682872e+02 
       5.502131308958e-01       6.496002470016e+02 
       5.533829613739e-01       6.449854466452e+02 
       5.565527919719e-01       6.404404901216e+02 
       5.597226226875e-01       6.359636746970e+02 
       5.628924535189e-01       6.315522515490e+02 
       5.660622844641e-01       6.272016833625e+02 
       5.692321155212e-01       6.229075023781e+02 
       5.724019466883e-01       6.186655237099e+02 
       5.755717779636e-01       6.144731126289e+02 
       5.787416093454e-01       6.103282988957e+02 
       5.819114408317e-01       6.062308006151e+02 
       5.850812724211e-01       6.021797621858e+02 
       5.882511041118e-01       5.981736251416e+02 
       5.914209359021e-01       5.942107225329e+02 
       5.945907677904e-01       5.902893998156e+02 
       5.977605997753e-01       5.864088127205e+02 
       6.009304318552e-01       5.825696231221e+02 
       6.041002640285e-01       5.787734048516e+02 
       6.072700962938e-01       5.750220261730e+02 
       6.104399286497e-01       5.713161806246e+02 
       6.136097610948e-01       5.676559047133e+02 
       6.167795936276e-01       5.640402807343e+02 
       6.199494262468e-01       5.604674249751e+02 
       6.231192589512e-01       5.569358593962e+02 
       6.262890917394e-01       5.534449103615e+02 
       6.294589246101e-01       5.499938911907e+02 
       6.326287575622e-01       5.465830169030e+02 
       6.357985905943e-01       5.432110599882e+02 
       6.389684237053e-01       5.398769129275e+02 
       6.421382568940e-01       5.365779514200e+02 
       6.453080901592e-01       5.333124888864e+02 
       6.484779235000e-01       5.300790059301e+02 
       6.516477569150e-01       5.268770329237e+02 
       6.548175904033e-01       5.237071405742e+02 
       6.579874239638e-01       5.205693039287e+02 
       6.611572575955e-01       5.174640867731e+02 
       6.643270912973e-01       5.143907775367e+02 
       6.674969250682e-01       5.113483913652e+02 
       6.706667589073e-01       5.083359865847e+02 
       6.738365928135e-01       5.053528212412e+02 
       6.770064267860e-01       5.023991104715e+02 
       6.801762608238e-01       4.994753627452e+02 
       6.833460949261e-01       4.965821121567e+02 
       6.865159290918e-01       4.937190730141e+02 
       6.896857633201e-01       4.908858207465e+02 
       6.928555976102e-01       4.880808428631e+02 
       6.960254319612e-01       4.853029639975e+02 
       6.991952663723e-01       4.825513468664e+02 
       7.023651008427e-01       4.798257087908e+02 
       7.055349353716e-01       4.771260846131e+02 
       7.087047699582e-01       4.744530366226e+02 
       7.118746046016e-01       4.718050064013e+02 
       7.150444393012e-01       4.691825194235e+02 
       7.182142740563e-01       4.665840385685e+02 
       7.213841088660e-01       4.640085997372e+02 
       7.245539437297e-01       4.614556776993e+02 
       7.277237786466e-01       4.589253876113e+02 
       7.308936136161e-01       4.564180380805e+02 
       7.340634486375e-01       4.539340075344e+02 
       7.372332837100e-01       4.514732227238e+02 
       7.404031188331e-01       4.490351503356e+02 
       7.435729540062e-01       4.466189853420e+02 
       7.467427892284e-01       4.442238167867e+02 
       8.167822006777e-01       3.962475089865e+02 
       9.186147342806e-01       3.399759606810e+02 
       1.081030623271e+00       2.728178726587e+02 
       1.336474048499e+00       2.015577235449e+02 
       1.680675664839e+00       1.421639823272e+02 
       2.115816075300e+00       9.778769893570e+01 
       2.663654535900e+00       6.576667136575e+01 
       3.353342383449e+00       4.333892574807e+01 
       4.221607940970e+00       2.804803564522e+01 
       5.314689515520e+00       1.786428954341e+01 
       6.690797686884e+00       1.122030425422e+01 
       8.423215233192e+00       6.961275503285e+00 
       1.060419970608e+01       4.272643689828e+00 
       1.334989648172e+01       2.597543225237e+00 
       1.680652392566e+01       1.565977961835e+00 
       2.115816005394e+01       9.370196420932e-01 
       2.663654535871e+01       5.569358857919e-01 
       3.353342383449e+01       3.290181184983e-01 
       4.221607940970e+01       1.933128959561e-01 
       5.314689515520e+01       1.130341285867e-01 
       6.690797686884e+01       6.580027601217e-02 
       8.423215233192e+01       3.812932109262e-02 
       1.060419970608e+02       2.202661871366e-02 
       1.334989648172e+02       1.266667263752e-02 
       1.680652392566e+02       7.267265188270e-03 
