# Matter power spectrum P(k) at redshift z=0
# for k=1.03205e-05 to 167.726 h/Mpc,
# number of wavenumbers equal to 627
#    1:k (h/Mpc)              2:P (Mpc/h)^3        
       1.032046293901e-05       4.849693776962e+01 
       2.300683923731e-05       1.055521402623e+02 
       3.573656822930e-05       1.618128637126e+02 
       4.854287129140e-05       2.178016166378e+02 
       6.145950357569e-05       2.738275771025e+02 
       7.452104600425e-05       3.301299536666e+02 
       8.776320634053e-05       3.869180220670e+02 
       1.012231332307e-04       4.443873771063e+02 
       1.149397471387e-04       5.027297975922e+02 
       1.289540921310e-04       5.621375799484e+02 
       1.433097124774e-04       6.228078779468e+02 
       1.580530579922e-04       6.849460432699e+02 
       1.732339218979e-04       7.487673957672e+02 
       1.889059146972e-04       8.145009348856e+02 
       2.051269769997e-04       8.823907919117e+02 
       2.219599333672e-04       9.526997457275e+02 
       2.394730878719e-04       1.025711367010e+03 
       2.577408600224e-04       1.101731835377e+03 
       2.768444567846e-04       1.181093399574e+03 
       2.968725723212e-04       1.264157363441e+03 
       3.179221014923e-04       1.351315595389e+03 
       3.400988457333e-04       1.442993375081e+03 
       3.635181803335e-04       1.539652437877e+03 
       3.883056401082e-04       1.641788988438e+03 
       4.145973659236e-04       1.749938146610e+03 
       4.425403377955e-04       1.864670349265e+03 
       4.722923022585e-04       1.986589093387e+03 
       5.040212842068e-04       2.116327244666e+03 
       5.379045595170e-04       2.254536632089e+03 
       5.741269589920e-04       2.401879409415e+03 
       6.128783824900e-04       2.559012189446e+03 
       6.543504313686e-04       2.726569015262e+03 
       6.987321239636e-04       2.905138911496e+03 
       7.462047463595e-04       3.095243198843e+03 
       7.969360069433e-04       3.297315328954e+03 
       8.510737970911e-04       3.511674499215e+03 
       9.087399903518e-04       3.738515069287e+03 
       9.700248087933e-04       3.977888807915e+03 
       1.034982315906e-03       4.229700780556e+03 
       1.103627537169e-03       4.493703882198e+03 
       1.175935557768e-03       4.769498618073e+03 
       1.251842723071e-03       5.056531736551e+03 
       1.331249814473e-03       5.354081925209e+03 
       1.414026844457e-03       5.661295703782e+03 
       1.500018956250e-03       5.977233761353e+03 
       1.589052850273e-03       6.300850073453e+03 
       1.680943190376e-03       6.631059869220e+03 
       1.775498544428e-03       6.966782847913e+03 
       1.872526552716e-03       7.306978789333e+03 
       1.971838160796e-03       7.650662388087e+03 
       2.073250877260e-03       7.996906834798e+03 
       2.176591108685e-03       8.344843123422e+03 
       2.281695681574e-03       8.693658579364e+03 
       2.388412688721e-03       9.042607237065e+03 
       2.496601802506e-03       9.391023207358e+03 
       2.606134188135e-03       9.738324198332e+03 
       2.716892132295e-03       1.008401591980e+04 
       2.828768482244e-03       1.042768290382e+04 
       2.941665970060e-03       1.076897098023e+04 
       3.055496478525e-03       1.110758106458e+04 
       3.170180289688e-03       1.144325667260e+04 
       3.285645344725e-03       1.177577702980e+04 
       3.401826534032e-03       1.210495250611e+04 
       3.518665029222e-03       1.243062392350e+04 
       3.636107663382e-03       1.275265234407e+04 
       3.754106362190e-03       1.307091282169e+04 
       3.872617625906e-03       1.338529733870e+04 
       3.991602060571e-03       1.369570357392e+04 
       4.111023955719e-03       1.400202999206e+04 
       4.230850905288e-03       1.430418375461e+04 
       4.351053468208e-03       1.460207540515e+04 
       4.471604865048e-03       1.489563035893e+04 
       4.592480707249e-03       1.518477956221e+04 
       4.713658755615e-03       1.546946961401e+04 
       4.835118704981e-03       1.574965684696e+04 
       4.956841992246e-03       1.602531457231e+04 
       5.078811625183e-03       1.629641255116e+04 
       5.201012029733e-03       1.656297254229e+04 
       5.323428913691e-03       1.682498077594e+04 
       5.446049144954e-03       1.708246494437e+04 
       5.568860642667e-03       1.733546799534e+04 
       5.691852279824e-03       1.758401671752e+04 
       5.815013796020e-03       1.782816425430e+04 
       5.938335719228e-03       1.806796181123e+04 
       6.061809295569e-03       1.830345064098e+04 
       6.185426426206e-03       1.853468002115e+04 
       6.309179610566e-03       1.876169704504e+04 
       6.433061895187e-03       1.898453661712e+04 
       6.557066827594e-03       1.920323893195e+04 
       6.681188414645e-03       1.941784036647e+04 
       6.805421084879e-03       1.962836191958e+04 
       6.929759654436e-03       1.983483089853e+04 
       7.054199296170e-03       2.003727293257e+04 
       7.178735511636e-03       2.023570209756e+04 
       7.303364105637e-03       2.043014511141e+04 
       7.428081163085e-03       2.062063680819e+04 
       7.552883027932e-03       2.080719935239e+04 
       7.677766283971e-03       2.098985683297e+04 
       7.802727737316e-03       2.116865418411e+04 
       7.927764400406e-03       2.134362715919e+04 
       8.052873477372e-03       2.151480664677e+04 
       8.178052350647e-03       2.168225540580e+04 
       8.303298568705e-03       2.184601953227e+04 
       8.428609834802e-03       2.200614984272e+04 
       8.553983996657e-03       2.216268415937e+04 
       8.679419036961e-03       2.231567899848e+04 
       8.804913064646e-03       2.246517909957e+04 
       8.930464306861e-03       2.261123014407e+04 
       9.056071101568e-03       2.275387839218e+04 
       9.181731890719e-03       2.289315937927e+04 
       9.307445213960e-03       2.302910662089e+04 
       9.433209702824e-03       2.316176298877e+04 
       9.559024075348e-03       2.329115637341e+04 
       9.684887131112e-03       2.341731466534e+04 
       9.810797746641e-03       2.354027357602e+04 
       9.936754871142e-03       2.366006024556e+04 
       1.006275752256e-02       2.377670148686e+04 
       1.018880478393e-02       2.389023153470e+04 
       1.031489579996e-02       2.400067105104e+04 
       1.044102977392e-02       2.410807111696e+04 
       1.056720596466e-02       2.421244703965e+04 
       1.069342368396e-02       2.431385261302e+04 
       1.081968229395e-02       2.441230368224e+04 
       1.094598120481e-02       2.450785409303e+04 
       1.107231987254e-02       2.460053792213e+04 
       1.119869779696e-02       2.469038610404e+04 
       1.132511451983e-02       2.477744770744e+04 
       1.145156962305e-02       2.486174717116e+04 
       1.157806272708e-02       2.494332557982e+04 
       1.170459348938e-02       2.502221214024e+04 
       1.183116160300e-02       2.509844545780e+04 
       1.195776679527e-02       2.517205527970e+04 
       1.208440882659e-02       2.524307094894e+04 
       1.221108748925e-02       2.531152091849e+04 
       1.233780260641e-02       2.537743652967e+04 
       1.246455403111e-02       2.544083842111e+04 
       1.259134164533e-02       2.550177023085e+04 
       1.271816535917e-02       2.556024313215e+04 
       1.284502511008e-02       2.561629305715e+04 
       1.297192086208e-02       2.566995247212e+04 
       1.309885260513e-02       2.572124896655e+04 
       1.322582035451e-02       2.577019223546e+04 
       1.335282415023e-02       2.581683765111e+04 
       1.347986405652e-02       2.586120146282e+04 
       1.360694016134e-02       2.590331520118e+04 
       1.373405257595e-02       2.594321805127e+04 
       1.386120143448e-02       2.598092581009e+04 
       1.398838689360e-02       2.601647001216e+04 
       1.411560913219e-02       2.604989223825e+04 
       1.424286835102e-02       2.608118478258e+04 
       1.437016477249e-02       2.611042621666e+04 
       1.449749864041e-02       2.613760204268e+04 
       1.452091028622e-02       2.614237448402e+04 
       1.462487021981e-02       2.616275527313e+04 
       1.475227979672e-02       2.618590529966e+04 
       1.487972767807e-02       2.620708339104e+04 
       1.500721419151e-02       2.622631228685e+04 
       1.513473968537e-02       2.624359619727e+04 
       1.526230452854e-02       2.625898837460e+04 
       1.538990911046e-02       2.627250431606e+04 
       1.551755384102e-02       2.628416741441e+04 
       1.564523915065e-02       2.629399715720e+04 
       1.577296549024e-02       2.630202237588e+04 
       1.590073333121e-02       2.630826333383e+04 
       1.602854316559e-02       2.631275310898e+04 
       1.615639550603e-02       2.631552977730e+04 
       1.628429088595e-02       2.631659988161e+04 
       1.641222985960e-02       2.631597166596e+04 
       1.654021300222e-02       2.631369085814e+04 
       1.666824091019e-02       2.630975065909e+04 
       1.679631420114e-02       2.630421256916e+04 
       1.692443351418e-02       2.629708308295e+04 
       1.705259951009e-02       2.628834394879e+04 
       1.718081287151e-02       2.627809074991e+04 
       1.730907430318e-02       2.626629020520e+04 
       1.743738453221e-02       2.625299784126e+04 
       1.756574430830e-02       2.623821665871e+04 
       1.769415440405e-02       2.622198625119e+04 
       1.782261561525e-02       2.620430552551e+04 
       1.795112876119e-02       2.618521067169e+04 
       1.807969468499e-02       2.616471844424e+04 
       1.820831425394e-02       2.614284178872e+04 
       1.833698835989e-02       2.611960133684e+04 
       1.846571791958e-02       2.609504545488e+04 
       1.859450387508e-02       2.606911867952e+04 
       1.872334719419e-02       2.604193942144e+04 
       1.885224887084e-02       2.601348441829e+04 
       1.898120992562e-02       2.598373391075e+04 
       1.911023140614e-02       2.595279464944e+04 
       1.923931438760e-02       2.592060197137e+04 
       1.936845997324e-02       2.588725463450e+04 
       1.949766929488e-02       2.585267508980e+04 
       1.962694351347e-02       2.581698301658e+04 
       1.975628381964e-02       2.578013174022e+04 
       1.988569143426e-02       2.574215927481e+04 
       2.001516760905e-02       2.570308376023e+04 
       2.014471362724e-02       2.566293566197e+04 
       2.027433080412e-02       2.562172878231e+04 
       2.040402048780e-02       2.557944239855e+04 
       2.053378405983e-02       2.553614852023e+04 
       2.066362293590e-02       2.549184728666e+04 
       2.079353856663e-02       2.544656089258e+04 
       2.092353243825e-02       2.540033315968e+04 
       2.105360607341e-02       2.535306797287e+04 
       2.118376103199e-02       2.530491208027e+04 
       2.131399891191e-02       2.525587534793e+04 
       2.144432134998e-02       2.520584991053e+04 
       2.157473002279e-02       2.515498318936e+04 
       2.170522664760e-02       2.510328905095e+04 
       2.183581298330e-02       2.505072089655e+04 
       2.196649083135e-02       2.499721193863e+04 
       2.209726203679e-02       2.494297322694e+04 
       2.222812848926e-02       2.488795533324e+04 
       2.235909212405e-02       2.483212865048e+04 
       2.249015492322e-02       2.477552063966e+04 
       2.262131891669e-02       2.471818144910e+04 
       2.275258618342e-02       2.466008392511e+04 
       2.288395885259e-02       2.460128662677e+04 
       2.301543910487e-02       2.454177547214e+04 
       2.314702917366e-02       2.448153932133e+04 
       2.327873134643e-02       2.442068811749e+04 
       2.341054796603e-02       2.435914561089e+04 
       2.354248143216e-02       2.429695242530e+04 
       2.367453420274e-02       2.423410350606e+04 
       2.380670879547e-02       2.417067081375e+04 
       2.393900778930e-02       2.410662683067e+04 
       2.407143382608e-02       2.404202598173e+04 
       2.420398961215e-02       2.397676423426e+04 
       2.433667792006e-02       2.391103942295e+04 
       2.446950159031e-02       2.384472172666e+04 
       2.460246353316e-02       2.377783715035e+04 
       2.473556673047e-02       2.371049724729e+04 
       2.486881423768e-02       2.364256559376e+04 
       2.500220918574e-02       2.357422191996e+04 
       2.513575478321e-02       2.350538522253e+04 
       2.526945431838e-02       2.343604962060e+04 
       2.540331116143e-02       2.336625225753e+04 
       2.553732876678e-02       2.329602745608e+04 
       2.567151067536e-02       2.322537616796e+04 
       2.580586051711e-02       2.315434084928e+04 
       2.594038201345e-02       2.308288175857e+04 
       2.607507897991e-02       2.301098614634e+04 
       2.620995532881e-02       2.293869868523e+04 
       2.634501507210e-02       2.286615625687e+04 
       2.648026232417e-02       2.279313828364e+04 
       2.661570130492e-02       2.271977740211e+04 
       2.675133634281e-02       2.264611872992e+04 
       2.688717187812e-02       2.257209130900e+04 
       2.702321246625e-02       2.249777296143e+04 
       2.715946278119e-02       2.242315533140e+04 
       2.729592761910e-02       2.234829405737e+04 
       2.743261190203e-02       2.227305919180e+04 
       2.756952068177e-02       2.219760840472e+04 
       2.770665914387e-02       2.212182437245e+04 
       2.784403261178e-02       2.204586688926e+04 
       2.798164655117e-02       2.196966269865e+04 
       2.811950657441e-02       2.189321655607e+04 
       2.825761844524e-02       2.181648512435e+04 
       2.839598808359e-02       2.173960019490e+04 
       2.853462157063e-02       2.166250544290e+04 
       2.867352515401e-02       2.158518065436e+04 
       2.881270525327e-02       2.150765743942e+04 
       2.895216846553e-02       2.143001988326e+04 
       2.909192157141e-02       2.135215221130e+04 
       2.923197154111e-02       2.127414142007e+04 
       2.937232554085e-02       2.119602778320e+04 
       2.951299093953e-02       2.111767420649e+04 
       2.965397531565e-02       2.103925434129e+04 
       2.979528646459e-02       2.096065074945e+04 
       2.993693240611e-02       2.088197192398e+04 
       3.007892139229e-02       2.080315002675e+04 
       3.022126191569e-02       2.072420996206e+04 
       3.036396271800e-02       2.064520441173e+04 
       3.050703279898e-02       2.056608238542e+04 
       3.065048142582e-02       2.048685307944e+04 
       3.079431814297e-02       2.040755694936e+04 
       3.093855278234e-02       2.032822817812e+04 
       3.108319547409e-02       2.024876598454e+04 
       3.122825665778e-02       2.016934132092e+04 
       3.137374709416e-02       2.008974621476e+04 
       3.151967787743e-02       2.001008746573e+04 
       3.166606044822e-02       1.993044056094e+04 
       3.181290660699e-02       1.985077028117e+04 
       3.196022852831e-02       1.977107971869e+04 
       3.210803877570e-02       1.969130504839e+04 
       3.225635031724e-02       1.961153532974e+04 
       3.240517654198e-02       1.953176015884e+04 
       3.255453127721e-02       1.945189639016e+04 
       3.270442880654e-02       1.937207887607e+04 
       3.285488388903e-02       1.929225401796e+04 
       3.300591177918e-02       1.921243911951e+04 
       3.315752824812e-02       1.913261928018e+04 
       3.330974960584e-02       1.905280701873e+04 
       3.346259272467e-02       1.897301206631e+04 
       3.361607506404e-02       1.889317900183e+04 
       3.377021469655e-02       1.881338544251e+04 
       3.392503033560e-02       1.873364610628e+04 
       3.408054136449e-02       1.865390410912e+04 
       3.423676786725e-02       1.857420252107e+04 
       3.439373066119e-02       1.849450856170e+04 
       3.455145133141e-02       1.841487611160e+04 
       3.470995226731e-02       1.833518867739e+04 
       3.486925670130e-02       1.825570306718e+04 
       3.502938874986e-02       1.817611746960e+04 
       3.519037345711e-02       1.809659285399e+04 
       3.535223684106e-02       1.801708959483e+04 
       3.551500594279e-02       1.793771199399e+04 
       3.567870887877e-02       1.785830846705e+04 
       3.584337489648e-02       1.777900326761e+04 
       3.600903443373e-02       1.769965905506e+04 
       3.617571918181e-02       1.762039384650e+04 
       3.634346215296e-02       1.754122120242e+04 
       3.651229775230e-02       1.746204368285e+04 
       3.668226185481e-02       1.738292432849e+04 
       3.685339188752e-02       1.730380331238e+04 
       3.702572691763e-02       1.722480954225e+04 
       3.719930774681e-02       1.714578788095e+04 
       3.737417701244e-02       1.706681006055e+04 
       3.755037929615e-02       1.698792871769e+04 
       3.772796124057e-02       1.690900736671e+04 
       3.790697167483e-02       1.683018859632e+04 
       3.808746174969e-02       1.675134161682e+04 
       3.826948508320e-02       1.667260303887e+04 
       3.845309791784e-02       1.659383240184e+04 
       3.863835929032e-02       1.651510808023e+04 
       3.882533121509e-02       1.643639810207e+04 
       3.901407888314e-02       1.635769574672e+04 
       3.920467087747e-02       1.627899854590e+04 
       3.939717940688e-02       1.620038027606e+04 
       3.959168056017e-02       1.612168851459e+04 
       3.978825458266e-02       1.604303117981e+04 
       3.998698617760e-02       1.596431473939e+04 
       4.018796483501e-02       1.588568121542e+04 
       4.039128519109e-02       1.580693129922e+04 
       4.059704742158e-02       1.572819733745e+04 
       4.080535767297e-02       1.564946932656e+04 
       4.101632853589e-02       1.557060964495e+04 
       4.123007956581e-02       1.549175046460e+04 
       4.144673785661e-02       1.541282846024e+04 
       4.166643867354e-02       1.533381032664e+04 
       4.188932615315e-02       1.525475999124e+04 
       4.211555407853e-02       1.517558425258e+04 
       4.234528673975e-02       1.509631428979e+04 
       4.257869989088e-02       1.501691369127e+04 
       4.281598181656e-02       1.493738028901e+04 
       4.305733452334e-02       1.485769086691e+04 
       4.330297507337e-02       1.477787686845e+04 
       4.355313708104e-02       1.469787857547e+04 
       4.380807239650e-02       1.461762422248e+04 
       4.406805300438e-02       1.453722046671e+04 
       4.433337317068e-02       1.445653203861e+04 
       4.460435187711e-02       1.437559610715e+04 
       4.488133558933e-02       1.429436279505e+04 
       4.516470141400e-02       1.421283510583e+04 
       4.545486071082e-02       1.413098401523e+04 
       4.575226323807e-02       1.404870800094e+04 
       4.605740192685e-02       1.396605701561e+04 
       4.637081839818e-02       1.388297272608e+04 
       4.669310936223e-02       1.379935882662e+04 
       4.702493406836e-02       1.371522146910e+04 
       4.736702301305e-02       1.363051799888e+04 
       4.772018815940e-02       1.354516755112e+04 
       4.808533498146e-02       1.345915232009e+04 
       4.846347672147e-02       1.337230130011e+04 
       4.885575134241e-02       1.328464414199e+04 
       4.926344177915e-02       1.319607616817e+04 
       4.968800024398e-02       1.310643488210e+04 
       5.013107753792e-02       1.301570029031e+04 
       5.059455856780e-02       1.292366334327e+04 
       5.108060558519e-02       1.283019616191e+04 
       5.159171106315e-02       1.273516844234e+04 
       5.213076262580e-02       1.263829486763e+04 
       5.270112305700e-02       1.253932787508e+04 
       5.330672913607e-02       1.243799255846e+04 
       5.395221384313e-02       1.233393672478e+04 
       5.464305722971e-02       1.222664764309e+04 
       5.538577168151e-02       1.211553062310e+04 
       5.618812680135e-02       1.199982939364e+04 
       5.705941647049e-02       1.187856489785e+04 
       5.801076340283e-02       1.175046580335e+04 
       5.905544030029e-02       1.161377753621e+04 
       6.020915418039e-02       1.146628311957e+04 
       6.149018098162e-02       1.130471505140e+04 
       6.291914101203e-02       1.112510613270e+04 
       6.451807795442e-02       1.092200621817e+04 
       6.630840611933e-02       1.068870535366e+04 
       6.830739924982e-02       1.041754772962e+04 
       7.052349650303e-02       1.010099045936e+04 
       7.295189436118e-02       9.733794932879e+03 
       7.557293695189e-02       9.315614273888e+03 
       7.835514115004e-02       8.853043042374e+03 
       8.126189850357e-02       8.359629350311e+03 
       8.425846316368e-02       7.853856604289e+03 
       8.731630831491e-02       7.355789634537e+03 
       9.041431320543e-02       6.883921808470e+03 
       9.353791558783e-02       6.452850123519e+03 
       9.667753914632e-02       6.072161303404e+03 
       9.982707549813e-02       5.746217144800e+03 
       1.029827024733e-01       5.474592514380e+03 
       1.061420567480e-01       5.252950805974e+03 
       1.093036876159e-01       5.073958384987e+03 
       1.124667084421e-01       4.928301209846e+03 
       1.156305786958e-01       4.805657047658e+03 
       1.187949692772e-01       4.695603149123e+03 
       1.219596799080e-01       4.588573620645e+03 
       1.251245886809e-01       4.476609430930e+03 
       1.282896213282e-01       4.354043261623e+03 
       1.314547325309e-01       4.217866687529e+03 
       1.346198945630e-01       4.067748153140e+03 
       1.377850903932e-01       3.905748109697e+03 
       1.409503094971e-01       3.735762254397e+03 
       1.441155453139e-01       3.562804825449e+03 
       1.472807937020e-01       3.392255575124e+03 
       1.504460520001e-01       3.229202889142e+03 
       1.536113184569e-01       3.077890626884e+03 
       1.567765918839e-01       2.941399185549e+03 
       1.599418714434e-01       2.821455875585e+03 
       1.631071565194e-01       2.718457407296e+03 
       1.662724466385e-01       2.631557559042e+03 
       1.694377414207e-01       2.558908804272e+03 
       1.726030405497e-01       2.497908039658e+03 
       1.757683437535e-01       2.445493335166e+03 
       1.789336507926e-01       2.398435680201e+03 
       1.820989614524e-01       2.354247504288e+03 
       1.852642755379e-01       2.309589939346e+03 
       1.884295928701e-01       2.262143872496e+03 
       1.915949132839e-01       2.210445625430e+03 
       1.947602366262e-01       2.153885799605e+03 
       1.979255627541e-01       2.092702383497e+03 
       2.010908915346e-01       2.027834564945e+03 
       2.042562228429e-01       1.960724939483e+03 
       2.074215565621e-01       1.893050998065e+03 
       2.105868925827e-01       1.826507632109e+03 
       2.137522308015e-01       1.762625136731e+03 
       2.169175711216e-01       1.702628271083e+03 
       2.200829134516e-01       1.647416110207e+03 
       2.232482577053e-01       1.597509379775e+03 
       2.264136038016e-01       1.553062041317e+03 
       2.295789516637e-01       1.513868434371e+03 
       2.327443012191e-01       1.479415125000e+03 
       2.359096523991e-01       1.448919095379e+03 
       2.390750051388e-01       1.421425015795e+03 
       2.422403593767e-01       1.395903913899e+03 
       2.454057150544e-01       1.371355873513e+03 
       2.485710721165e-01       1.346898839607e+03 
       2.517364305105e-01       1.321860235673e+03 
       2.549017901866e-01       1.295777862550e+03 
       2.580671510971e-01       1.268430920357e+03 
       2.612325131970e-01       1.239822919139e+03 
       2.643978764433e-01       1.210147064490e+03 
       2.675632407952e-01       1.179766370991e+03 
       2.707286062134e-01       1.149152188967e+03 
       2.738939726610e-01       1.118840861043e+03 
       2.770593401024e-01       1.089363667468e+03 
       2.802247085037e-01       1.061188031371e+03 
       2.833900778327e-01       1.034668457872e+03 
       2.865554480583e-01       1.010017209077e+03 
       2.897208191511e-01       9.873032688205e+02 
       2.928861910827e-01       9.664596305044e+02 
       2.960515638262e-01       9.473168839288e+02 
       2.992169373556e-01       9.296332722043e+02 
       3.023823116461e-01       9.131220538634e+02 
       3.055476866739e-01       8.974731518085e+02 
       3.087130624163e-01       8.823806798252e+02 
       3.118784388514e-01       8.675570384423e+02 
       3.150438159582e-01       8.527595027120e+02 
       3.182091937165e-01       8.378085179044e+02 
       3.213745721070e-01       8.226012607730e+02 
       3.245399511112e-01       8.071189572768e+02 
       3.277053307110e-01       7.914114289045e+02 
       3.308707108895e-01       7.755865336789e+02 
       3.340360916300e-01       7.597827253426e+02 
       3.372014729166e-01       7.441517840870e+02 
       3.403668547341e-01       7.288421116276e+02 
       3.435322370677e-01       7.139872988074e+02 
       3.466976199031e-01       6.996973392731e+02 
       3.498630032268e-01       6.860553145864e+02 
       3.530283870255e-01       6.731120806314e+02 
       3.561937712865e-01       6.608735471144e+02 
       3.593591559975e-01       6.493104743791e+02 
       3.625245411467e-01       6.383550075660e+02 
       3.656899267227e-01       6.279083619539e+02 
       3.688553127144e-01       6.178701309475e+02 
       3.720206991111e-01       6.081305976522e+02 
       3.751860859027e-01       5.985980981213e+02 
       3.783514730790e-01       5.891975096713e+02 
       3.815168606306e-01       5.798758893551e+02 
       3.846822485481e-01       5.705960947192e+02 
       3.878476368225e-01       5.613398952497e+02 
       3.910130254451e-01       5.521059766124e+02 
       3.941784144075e-01       5.429077380228e+02 
       3.973438037015e-01       5.337757975749e+02 
       4.005091933193e-01       5.247510543035e+02 
       4.036745832531e-01       5.158788277668e+02 
       4.068399734957e-01       5.072035164612e+02 
       4.100053640397e-01       4.987605209795e+02 
       4.131707548784e-01       4.905726267909e+02 
       4.163361460048e-01       4.826518210565e+02 
       4.195015374125e-01       4.749991643010e+02 
       4.226669290951e-01       4.676093600591e+02 
       4.258323210465e-01       4.604718218118e+02 
       4.289977132607e-01       4.535714040330e+02 
       4.321631057319e-01       4.468875119801e+02 
       4.353284984545e-01       4.403942150253e+02 
       4.384938914230e-01       4.340621217753e+02 
       4.416592846321e-01       4.278600528078e+02 
       4.448246780767e-01       4.217597124409e+02 
       4.479900717517e-01       4.157407324000e+02 
       4.511554656523e-01       4.097899420087e+02 
       4.543208597738e-01       4.039019543557e+02 
       4.574862541115e-01       3.980762787997e+02 
       4.606516486609e-01       3.923175238284e+02 
       4.638170434178e-01       3.866309462438e+02 
       4.669824383779e-01       3.810239770481e+02 
       4.701478335371e-01       3.755062397561e+02 
       4.733132288913e-01       3.700896123691e+02 
       4.764786244367e-01       3.647867820801e+02 
       4.796440201695e-01       3.596096800512e+02 
       4.828094160860e-01       3.545663397414e+02 
       4.859748121825e-01       3.496591194864e+02 
       4.891402084555e-01       3.448842021093e+02 
       4.923056049018e-01       3.402337569769e+02 
       4.954710015178e-01       3.356967582722e+02 
       4.986363983004e-01       3.312627884534e+02 
       5.018017952465e-01       3.269217789112e+02 
       5.049671923528e-01       3.226649545407e+02 
       5.081325896165e-01       3.184839995533e+02 
       5.112979870346e-01       3.143709947638e+02 
       5.144633846042e-01       3.103182081892e+02 
       5.176287823226e-01       3.063194259879e+02 
       5.207941801869e-01       3.023713229902e+02 
       5.239595781947e-01       2.984741303578e+02 
       5.271249763432e-01       2.946304781288e+02 
       5.302903746300e-01       2.908454193264e+02 
       5.334557730526e-01       2.871227172364e+02 
       5.366211716085e-01       2.834662419716e+02 
       5.397865702955e-01       2.798772353142e+02 
       5.429519691112e-01       2.763550364187e+02 
       5.461173680533e-01       2.728996088325e+02 
       5.492827671198e-01       2.695102884860e+02 
       5.524481663084e-01       2.661871311125e+02 
       5.556135656170e-01       2.629309792209e+02 
       5.587789650437e-01       2.597404025364e+02 
       5.619443645863e-01       2.566123711140e+02 
       5.651097642430e-01       2.535427117925e+02 
       5.682751640118e-01       2.505267810766e+02 
       5.714405638909e-01       2.475603893153e+02 
       5.746059638785e-01       2.446406928664e+02 
       5.777713639726e-01       2.417657809253e+02 
       5.809367641717e-01       2.389352585321e+02 
       5.841021644740e-01       2.361481095357e+02 
       5.872675648779e-01       2.334029556507e+02 
       5.904329653816e-01       2.306980393630e+02 
       5.935983659835e-01       2.280316529289e+02 
       5.967637666822e-01       2.254029130008e+02 
       5.999291674761e-01       2.228122485287e+02 
       6.030945683637e-01       2.202613780844e+02 
       6.062599693434e-01       2.177517556773e+02 
       6.094253704140e-01       2.152842850024e+02 
       6.125907715738e-01       2.128592334392e+02 
       6.157561728217e-01       2.104753093018e+02 
       6.189215741562e-01       2.081308451569e+02 
       6.220869755760e-01       2.058243297254e+02 
       6.252523770797e-01       2.035548061133e+02 
       6.284177786662e-01       2.013218709708e+02 
       6.315831803342e-01       1.991254441878e+02 
       6.347485820824e-01       1.969645114683e+02 
       6.379139839097e-01       1.948377887544e+02 
       6.410793858148e-01       1.927429589439e+02 
       6.442447877967e-01       1.906780011972e+02 
       6.474101898542e-01       1.886414160540e+02 
       6.505755919862e-01       1.866328706143e+02 
       6.537409941916e-01       1.846526162763e+02 
       6.569063964694e-01       1.827008136069e+02 
       6.600717988185e-01       1.807778192627e+02 
       6.632372012378e-01       1.788832359344e+02 
       6.664026037264e-01       1.770157935858e+02 
       6.695680062834e-01       1.751746424770e+02 
       6.727334089076e-01       1.733590386976e+02 
       6.758988115982e-01       1.715690936520e+02 
       6.790642143543e-01       1.698052081332e+02 
       6.822296171749e-01       1.680680861014e+02 
       6.853950200592e-01       1.663572525138e+02 
       6.885604230062e-01       1.646725098268e+02 
       6.917258260151e-01       1.630122044259e+02 
       6.948912290850e-01       1.613752822607e+02 
       6.980566322152e-01       1.597608118371e+02 
       7.012220354048e-01       1.581683454914e+02 
       7.043874386530e-01       1.565981015052e+02 
       7.075528419589e-01       1.550501273872e+02 
       7.107182453219e-01       1.535241587995e+02 
       7.138836487412e-01       1.520194135641e+02 
       7.170490522160e-01       1.505348945233e+02 
       7.202144557456e-01       1.490695190050e+02 
       7.233798593293e-01       1.476228090215e+02 
       7.265452629663e-01       1.461948100210e+02 
       7.297106666560e-01       1.447858517651e+02 
       7.328760703977e-01       1.433962639121e+02 
       7.360414741907e-01       1.420260314954e+02 
       7.392068780344e-01       1.406745778386e+02 
       7.423722819280e-01       1.393411608054e+02 
       7.455376858711e-01       1.380248831041e+02 
       8.154175937612e-01       1.129074380568e+02 
       9.169911111985e-01       8.652933426383e+01 
       1.078964323307e+00       5.954703163071e+01 
       1.333789886680e+00       3.628650096667e+01 
       1.677282154438e+00       2.104430558580e+01 
       2.111543548485e+00       1.206397835023e+01 
       2.658275741827e+00       6.859665857567e+00 
       3.346570882906e+00       3.871796108619e+00 
       4.213083126860e+00       2.170756644630e+00 
       5.303957410406e+00       1.209647941573e+00 
       6.677286767034e+00       6.703184292715e-01 
       8.406205992855e+00       3.695490688735e-01 
       1.058278634118e+01       2.027726278929e-01 
       1.332293865250e+01       1.107759822347e-01 
       1.677258602941e+01       6.026931283578e-02 
       2.111543477393e+01       3.266352934007e-02 
       2.658275741798e+01       1.763642825886e-02 
       3.346570882906e+01       9.487342192457e-03 
       4.213083126860e+01       5.084472680354e-03 
       5.303957410406e+01       2.713784745458e-03 
       6.677286767034e+01       1.441721289854e-03 
       8.406205992855e+01       7.616074246174e-04 
       1.058278634118e+02       3.993778327335e-04 
       1.332293865250e+02       2.073664449293e-04 
       1.677258602941e+02       1.062072033406e-04 
