# Matter power spectrum P(k) at redshift z=0
# for k=1.0319e-05 to 3.34583 h/Mpc,
# number of wavenumbers equal to 610
#    1:k (h/Mpc)              2:P (Mpc/h)^3        
       1.031903861980e-05       4.958049480955e+01 
       2.300346584211e-05       1.079072754879e+02 
       3.573122622480e-05       1.654165574700e+02 
       4.853552577918e-05       2.226395699986e+02 
       6.145010388635e-05       2.798895052353e+02 
       7.450952506584e-05       3.374075248904e+02 
       8.774947981150e-05       3.954039738061e+02 
       1.012070983837e-04       4.540753453582e+02 
       1.149212814773e-04       5.136131550073e+02 
       1.289330517170e-04       5.742093010243e+02 
       1.432859299426e-04       6.360599508105e+02 
       1.580263402041e-04       6.993685820170e+02 
       1.732040472455e-04       7.643486051082e+02 
       1.888726299605e-04       8.312258187701e+02 
       2.050899937625e-04       9.002407994674e+02 
       2.219189239363e-04       9.716512304574e+02 
       2.394276806645e-04       1.045734402325e+03 
       2.576906343931e-04       1.122789480369e+03 
       2.767889372741e-04       1.203140103809e+03 
       2.968112223302e-04       1.287136814407e+03 
       3.178543164141e-04       1.375159323457e+03 
       3.400239456242e-04       1.467618803375e+03 
       3.634354022641e-04       1.564959747907e+03 
       3.882141304213e-04       1.667661216538e+03 
       4.144961727342e-04       1.776237519719e+03 
       4.424284042053e-04       1.891237784601e+03 
       4.721684609108e-04       2.013243722185e+03 
       5.038842539840e-04       2.142866086650e+03 
       5.377529453473e-04       2.280738173418e+03 
       5.739592558653e-04       2.427506724754e+03 
       6.126929848365e-04       2.583819746324e+03 
       6.541456488715e-04       2.750310444905e+03 
       6.985062046038e-04       2.927577802522e+03 
       7.459559069743e-04       3.116164320690e+03 
       7.966624708199e-04       3.316531312027e+03 
       8.507738371552e-04       3.529033381215e+03 
       9.084119754846e-04       3.753894891198e+03 
       9.696672499223e-04       3.991188617005e+03 
       1.034593907995e-03       4.240821450022e+03 
       1.103207193284e-03       4.502527330293e+03 
       1.175482432098e-03       4.775869032910e+03 
       1.251356221033e-03       5.060249539574e+03 
       1.330729589609e-03       5.354913921170e+03 
       1.413472783383e-03       5.659000464867e+03 
       1.499431154118e-03       5.971595425305e+03 
       1.588431579902e-03       6.291707552234e+03 
       1.680288868319e-03       6.618319672778e+03 
       1.774811696891e-03       6.950416485447e+03 
       1.871807783575e-03       7.287005617700e+03 
       1.971088123229e-03       7.627134794432e+03 
       2.072470249768e-03       7.969905282988e+03 
       2.175780575721e-03       8.314480302761e+03 
       2.280855918560e-03       8.660088329595e+03 
       2.387544351000e-03       9.006027098825e+03 
       2.495705517640e-03       9.351661929676e+03 
       2.605210550927e-03       9.696421896470e+03 
       2.715941701973e-03       1.003980044217e+04 
       2.827791781280e-03       1.038134608952e+04 
       2.940663484196e-03       1.072066382605e+04 
       3.054468657652e-03       1.105740493757e+04 
       3.169127549303e-03       1.139126752122e+04 
       3.284568067752e-03       1.172198813020e+04 
       3.400725072844e-03       1.204933822912e+04 
       3.517539707756e-03       1.237312489103e+04 
       3.634958779257e-03       1.269317754610e+04 
       3.752934188774e-03       1.300935493010e+04 
       3.871422414290e-03       1.332153667949e+04 
       3.990384041445e-03       1.362962049126e+04 
       4.109783341110e-03       1.393352540656e+04 
       4.229587890181e-03       1.423317687873e+04 
       4.349768232030e-03       1.452852122122e+04 
       4.470297573039e-03       1.481951356779e+04 
       4.591151511707e-03       1.510612083381e+04 
       4.712307797031e-03       1.538831473590e+04 
       4.833746113075e-03       1.566608026930e+04 
       4.955447886903e-03       1.593941041207e+04 
       5.077396117304e-03       1.620830419232e+04 
       5.199575222008e-03       1.647275608622e+04 
       5.321970901298e-03       1.673277863236e+04 
       5.444570016191e-03       1.698838328020e+04 
       5.567360479529e-03       1.723958516890e+04 
       5.690331158520e-03       1.748640761196e+04 
       5.813471787449e-03       1.772886609633e+04 
       5.936772889404e-03       1.796699534860e+04 
       6.060225706012e-03       1.820082132554e+04 
       6.183822134296e-03       1.843036770814e+04 
       6.307554669863e-03       1.865566696062e+04 
       6.431416355724e-03       1.887675656160e+04 
       6.555400736143e-03       1.909366096574e+04 
       6.679501814962e-03       1.930642742248e+04 
       6.803714017924e-03       1.951507511059e+04 
       6.928032158573e-03       1.971964940263e+04 
       7.052451407358e-03       1.992018373657e+04 
       7.176967263593e-03       2.011672151083e+04 
       7.301575529998e-03       2.030928723736e+04 
       7.426272289543e-03       2.049792732289e+04 
       7.551053884368e-03       2.068268991032e+04 
       7.675916896574e-03       2.086359757626e+04 
       7.800858130696e-03       2.104069679687e+04 
       7.925874597690e-03       2.121403107296e+04 
       8.050963500301e-03       2.138363417513e+04 
       8.176122219662e-03       2.154954171977e+04 
       8.301348303023e-03       2.171180559437e+04 
       8.426639452493e-03       2.187046518458e+04 
       8.551993514709e-03       2.202555498178e+04 
       8.677408471342e-03       2.217710808548e+04 
       8.802882430365e-03       2.232516661965e+04 
       8.928413618020e-03       2.246977558118e+04 
       9.054000371409e-03       2.261096590532e+04 
       9.179641131672e-03       2.274877922797e+04 
       9.305334437688e-03       2.288325159706e+04 
       9.431078920257e-03       2.301441414920e+04 
       9.556873296725e-03       2.314231341942e+04 
       9.682716366012e-03       2.326698085938e+04 
       9.808607004016e-03       2.338845092988e+04 
       9.934544159345e-03       2.350675943507e+04 
       1.006052684938e-02       2.362194244105e+04 
       1.018655415659e-02       2.373403864886e+04 
       1.031262522519e-02       2.384307406217e+04 
       1.043873925793e-02       2.394910778984e+04 
       1.056489551319e-02       2.405213990503e+04 
       1.069109330229e-02       2.415222859796e+04 
       1.081733198693e-02       2.424940774858e+04 
       1.094361097684e-02       2.434370819159e+04 
       1.106992972762e-02       2.443515643560e+04 
       1.119628773871e-02       2.452379948010e+04 
       1.132268455147e-02       2.460965237089e+04 
       1.144911974744e-02       2.469277091457e+04 
       1.157559294672e-02       2.477318237723e+04 
       1.170210380643e-02       2.485089503011e+04 
       1.182865201926e-02       2.492596457648e+04 
       1.195523731225e-02       2.499842450333e+04 
       1.208185944545e-02       2.506829331197e+04 
       1.220851821085e-02       2.513561595082e+04 
       1.233521343132e-02       2.520040911341e+04 
       1.246194495958e-02       2.526271637003e+04 
       1.258871267734e-02       2.532255400699e+04 
       1.271551649441e-02       2.537996261384e+04 
       1.284235634795e-02       2.543496851427e+04 
       1.296923220172e-02       2.548761107453e+04 
       1.309614404540e-02       2.553791581792e+04 
       1.322309189403e-02       2.558588979093e+04 
       1.335007578733e-02       2.563159435284e+04 
       1.347709578928e-02       2.567504745293e+04 
       1.360415198760e-02       2.571625903660e+04 
       1.373124449327e-02       2.575528169883e+04 
       1.385837344019e-02       2.579213745665e+04 
       1.398553898478e-02       2.582683983089e+04 
       1.411274130567e-02       2.585942657702e+04 
       1.423998060338e-02       2.588993556430e+04 
       1.436725710007e-02       2.591835884549e+04 
       1.449457103932e-02       2.594474970054e+04 
       1.451868867063e-02       2.594952500604e+04 
       1.462192268591e-02       2.596912719467e+04 
       1.474931232562e-02       2.599152609271e+04 
       1.487674026514e-02       2.601194290598e+04 
       1.500420683189e-02       2.603043461847e+04 
       1.513171237395e-02       2.604700839677e+04 
       1.525925725997e-02       2.606169354736e+04 
       1.538684187914e-02       2.607450636121e+04 
       1.551446664113e-02       2.608549309989e+04 
       1.564213197609e-02       2.609466360924e+04 
       1.576983833469e-02       2.610204993632e+04 
       1.589758618809e-02       2.610767327951e+04 
       1.602537602808e-02       2.611154519543e+04 
       1.615320836705e-02       2.611372565974e+04 
       1.628108373817e-02       2.611421484814e+04 
       1.640900269543e-02       2.611303635411e+04 
       1.653696581383e-02       2.611020518253e+04 
       1.666497368947e-02       2.610573306951e+04 
       1.679302693972e-02       2.609967389828e+04 
       1.692112620344e-02       2.609201928642e+04 
       1.704927214112e-02       2.608279200182e+04 
       1.717746543513e-02       2.607204065039e+04 
       1.730570678995e-02       2.605977740531e+04 
       1.743399693240e-02       2.604602458087e+04 
       1.756233661189e-02       2.603078658095e+04 
       1.769072660074e-02       2.601411073831e+04 
       1.781916769445e-02       2.599599990780e+04 
       1.794766071201e-02       2.597648533586e+04 
       1.807620649625e-02       2.595558029199e+04 
       1.820480591414e-02       2.593331632368e+04 
       1.833345985723e-02       2.590970459810e+04 
       1.846216924193e-02       2.588476534839e+04 
       1.859093501001e-02       2.585853965146e+04 
       1.871975812892e-02       2.583099567087e+04 
       1.884863959230e-02       2.580221326488e+04 
       1.897758042035e-02       2.577218769038e+04 
       1.910658166037e-02       2.574094576920e+04 
       1.923564438720e-02       2.570849685451e+04 
       1.936476970373e-02       2.567487124791e+04 
       1.949395874141e-02       2.564002958889e+04 
       1.962321266083e-02       2.560410618265e+04 
       1.975253265223e-02       2.556703361701e+04 
       1.988191993609e-02       2.552887043290e+04 
       2.001137576377e-02       2.548960489308e+04 
       2.014090141807e-02       2.544926020040e+04 
       2.027049821390e-02       2.540788129057e+04 
       2.040016749892e-02       2.536547512003e+04 
       2.052991065428e-02       2.532204729019e+04 
       2.065972909523e-02       2.527763357970e+04 
       2.078962427195e-02       2.523226216604e+04 
       2.091959767021e-02       2.518590380363e+04 
       2.104965081221e-02       2.513860172009e+04 
       2.117978525737e-02       2.509039408899e+04 
       2.131000260310e-02       2.504126268102e+04 
       2.144030448574e-02       2.499124614861e+04 
       2.157069258137e-02       2.494036276822e+04 
       2.170116860675e-02       2.488864909030e+04 
       2.183173432023e-02       2.483603289843e+04 
       2.196239152274e-02       2.478264923764e+04 
       2.209314205877e-02       2.472845225534e+04 
       2.222398781740e-02       2.467345202761e+04 
       2.235493073336e-02       2.461767582357e+04 
       2.248597278811e-02       2.456116694980e+04 
       2.261711601098e-02       2.450388885881e+04 
       2.274836248030e-02       2.444587538220e+04 
       2.287971432464e-02       2.438718526406e+04 
       2.301117372402e-02       2.432778275348e+04 
       2.314274291119e-02       2.426768508555e+04 
       2.327442417294e-02       2.420691184766e+04 
       2.340621985144e-02       2.414550887261e+04 
       2.353813234567e-02       2.408350747412e+04 
       2.367016411285e-02       2.402082367925e+04 
       2.380231766992e-02       2.395755378816e+04 
       2.393459559508e-02       2.389367582893e+04 
       2.406700052941e-02       2.382923287180e+04 
       2.419953517845e-02       2.376423234931e+04 
       2.433220231393e-02       2.369866267414e+04 
       2.446500477553e-02       2.363255604150e+04 
       2.459794547264e-02       2.356594587464e+04 
       2.473102738626e-02       2.349878310145e+04 
       2.486425357091e-02       2.343113794934e+04 
       2.499762715664e-02       2.336302712231e+04 
       2.513115135105e-02       2.329441116322e+04 
       2.526482944146e-02       2.322532482333e+04 
       2.539866479707e-02       2.315579806756e+04 
       2.553266087126e-02       2.308585898668e+04 
       2.566682120393e-02       2.301549240306e+04 
       2.580114942394e-02       2.294474403111e+04 
       2.593564925161e-02       2.287353525486e+04 
       2.607032450133e-02       2.280194681894e+04 
       2.620517908427e-02       2.272999232173e+04 
       2.634021701118e-02       2.265772586102e+04 
       2.647544239523e-02       2.258506891299e+04 
       2.661085945505e-02       2.251202588356e+04 
       2.674647251782e-02       2.243872551659e+04 
       2.688228602249e-02       2.236505572765e+04 
       2.701830452310e-02       2.229114781352e+04 
       2.715453269222e-02       2.221679795112e+04 
       2.729097532459e-02       2.214228002710e+04 
       2.742763734076e-02       2.206746805447e+04 
       2.756452379102e-02       2.199240417329e+04 
       2.770163985933e-02       2.191711159266e+04 
       2.783899086753e-02       2.184144306124e+04 
       2.797658227964e-02       2.176564376885e+04 
       2.811441970632e-02       2.168960988918e+04 
       2.825250890954e-02       2.161330766256e+04 
       2.839085580745e-02       2.153684456685e+04 
       2.852946647935e-02       2.146011593847e+04 
       2.866834717095e-02       2.138328666201e+04 
       2.880750429984e-02       2.130621246608e+04 
       2.894694446110e-02       2.122895715696e+04 
       2.908667443324e-02       2.115155435351e+04 
       2.922670118432e-02       2.107398777114e+04 
       2.936703187832e-02       2.099630834179e+04 
       2.950767388184e-02       2.091848585656e+04 
       2.964863477103e-02       2.084046382945e+04 
       2.978992233880e-02       2.076236584357e+04 
       2.993154460241e-02       2.068414084700e+04 
       3.007350981132e-02       2.060577214382e+04 
       3.021582645543e-02       2.052732396171e+04 
       3.035850327364e-02       2.044882995768e+04 
       3.050154926283e-02       2.037015727750e+04 
       3.064497368726e-02       2.029141170594e+04 
       3.078878608829e-02       2.021261019859e+04 
       3.093299629470e-02       2.013378938465e+04 
       3.107761443335e-02       2.005483716336e+04 
       3.122265094044e-02       1.997588899043e+04 
       3.136811657321e-02       1.989679503280e+04 
       3.151402242226e-02       1.981772440674e+04 
       3.166037992444e-02       1.973858999816e+04 
       3.180720087636e-02       1.965940818295e+04 
       3.195449744856e-02       1.958020461383e+04 
       3.210228220038e-02       1.950101878168e+04 
       3.225056809559e-02       1.942172539161e+04 
       3.239936851877e-02       1.934247914668e+04 
       3.254869729256e-02       1.926315307185e+04 
       3.269856869577e-02       1.918389502631e+04 
       3.284899748243e-02       1.910465491210e+04 
       3.299999890186e-02       1.902531134826e+04 
       3.315158871980e-02       1.894603929867e+04 
       3.330378324064e-02       1.886676258499e+04 
       3.345659933087e-02       1.878748895611e+04 
       3.361005444385e-02       1.870826528444e+04 
       3.376416664589e-02       1.862903970825e+04 
       3.391895464382e-02       1.854983318558e+04 
       3.407443781412e-02       1.847067046767e+04 
       3.423063623368e-02       1.839150743331e+04 
       3.438757071239e-02       1.831238451284e+04 
       3.454526282762e-02       1.823332698218e+04 
       3.470373496068e-02       1.815428768249e+04 
       3.486301033556e-02       1.807528551236e+04 
       3.502311305995e-02       1.799626609627e+04 
       3.518406816874e-02       1.791729833624e+04 
       3.534590167036e-02       1.783844905070e+04 
       3.550864059582e-02       1.775961103017e+04 
       3.567231305105e-02       1.768080823458e+04 
       3.583694827252e-02       1.760199403497e+04 
       3.600257668649e-02       1.752326359132e+04 
       3.616922997213e-02       1.744462279171e+04 
       3.633694112898e-02       1.736599327457e+04 
       3.650574454883e-02       1.728741421645e+04 
       3.667567609263e-02       1.720885482496e+04 
       3.684677317270e-02       1.713039983852e+04 
       3.701907484074e-02       1.705195338175e+04 
       3.719262188212e-02       1.697348910224e+04 
       3.736745691701e-02       1.689512933048e+04 
       3.754362450896e-02       1.681686237993e+04 
       3.772117128147e-02       1.673856728567e+04 
       3.790014604349e-02       1.666034843010e+04 
       3.808059992446e-02       1.658215284858e+04 
       3.826258651988e-02       1.650389502668e+04 
       3.844616204835e-02       1.642577527239e+04 
       3.863138552127e-02       1.634760140088e+04 
       3.881831892626e-02       1.626953269608e+04 
       3.900702742585e-02       1.619143359261e+04 
       3.919757957273e-02       1.611340969376e+04 
       3.939004754353e-02       1.603530777880e+04 
       3.958450739276e-02       1.595725822870e+04 
       3.978103932921e-02       1.587921183642e+04 
       3.997972801709e-02       1.580113752536e+04 
       4.018066290478e-02       1.572302864697e+04 
       4.038393858388e-02       1.564497774942e+04 
       4.058965518240e-02       1.556682012229e+04 
       4.079791879562e-02       1.548872046269e+04 
       4.100884195918e-02       1.541053041511e+04 
       4.122254416942e-02       1.533225707956e+04 
       4.143915245652e-02       1.525397703263e+04 
       4.165880201709e-02       1.517559453619e+04 
       4.188163691348e-02       1.509725583767e+04 
       4.210781084850e-02       1.501860021347e+04 
       4.233748802527e-02       1.493998524420e+04 
       4.257084410342e-02       1.486122703015e+04 
       4.280806726491e-02       1.478232539790e+04 
       4.304935940440e-02       1.470330273963e+04 
       4.329493746190e-02       1.462410243871e+04 
       4.354503491818e-02       1.454473907792e+04 
       4.379990347694e-02       1.446515675929e+04 
       4.405981496188e-02       1.438536668519e+04 
       4.432506346180e-02       1.430535362493e+04 
       4.459596776285e-02       1.422509688795e+04 
       4.487287411424e-02       1.414452171185e+04 
       4.515615938253e-02       1.406365504568e+04 
       4.544623466025e-02       1.398243531503e+04 
       4.574354940767e-02       1.390085852742e+04 
       4.604859622234e-02       1.381883331585e+04 
       4.636191635088e-02       1.373641068600e+04 
       4.668410608179e-02       1.365353514599e+04 
       4.701582418789e-02       1.357008719982e+04 
       4.735780062514e-02       1.348605331911e+04 
       4.771084674129e-02       1.340142108368e+04 
       4.807586730706e-02       1.331609364206e+04 
       4.845387475742e-02       1.322997834917e+04 
       4.884600612488e-02       1.314305467121e+04 
       4.925354326692e-02       1.305518832679e+04 
       4.967793714253e-02       1.296628255254e+04 
       5.012083708775e-02       1.287632091816e+04 
       5.058412628833e-02       1.278503876387e+04 
       5.106996496369e-02       1.269234737101e+04 
       5.158084317497e-02       1.259807049876e+04 
       5.211964566882e-02       1.250197667210e+04 
       5.268973177923e-02       1.240385020066e+04 
       5.329503412990e-02       1.230339331019e+04 
       5.394018067509e-02       1.220018966670e+04 
       5.463064536959e-02       1.209376922945e+04 
       5.537293319354e-02       1.198358700437e+04 
       5.617480476638e-02       1.186887537004e+04 
       5.704554313280e-02       1.174864938334e+04 
       5.799625809626e-02       1.162162954846e+04 
       5.904020734028e-02       1.148615702175e+04 
       6.019308116415e-02       1.133992622161e+04 
       6.147313838828e-02       1.117989264256e+04 
       6.290098467919e-02       1.100196117059e+04 
       6.449865679639e-02       1.080084834471e+04 
       6.628757772692e-02       1.056989144566e+04 
       6.828505434722e-02       1.030154760145e+04 
       7.049958797728e-02       9.988363888344e+03 
       7.292645880296e-02       9.625154036009e+03 
       7.554609371263e-02       9.211570243155e+03 
       7.832706436709e-02       8.754082560410e+03 
       8.123277575796e-02       8.266073413012e+03 
       8.422846148968e-02       7.765807832231e+03 
       8.728555816560e-02       7.273110975908e+03 
       9.038290770418e-02       6.806266215370e+03 
       9.350591734730e-02       6.379731074546e+03 
       9.664498866553e-02       6.002993365377e+03 
       9.979399833886e-02       5.680382394797e+03 
       1.029491145258e-01       5.411504705595e+03 
       1.061079677987e-01       5.192065452214e+03 
       1.092691036585e-01       5.014854238151e+03 
       1.124316331355e-01       4.870652263241e+03 
       1.155950142699e-01       4.749255466338e+03 
       1.187589170899e-01       4.640382466324e+03 
       1.219231407865e-01       4.534533979319e+03 
       1.250875631298e-01       4.423859014493e+03 
       1.282521096554e-01       4.302761461263e+03 
       1.314167349254e-01       4.168228185829e+03 
       1.345814111411e-01       4.019917589059e+03 
       1.377461212270e-01       3.859859840292e+03 
       1.409108546318e-01       3.691893234828e+03 
       1.440756047784e-01       3.520968174722e+03 
       1.472403675149e-01       3.352401855840e+03 
       1.504051401739e-01       3.191218352470e+03 
       1.535699210004e-01       3.041622527748e+03 
       1.567347088032e-01       2.906656330040e+03 
       1.598995027433e-01       2.788041574597e+03 
       1.630643022036e-01       2.686166562221e+03 
       1.662291067100e-01       2.600208577998e+03 
       1.693939158822e-01       2.528346356900e+03 
       1.725587294034e-01       2.468006990117e+03 
       1.757235470015e-01       2.416167050401e+03 
       1.788883684367e-01       2.369642309811e+03 
       1.820531934944e-01       2.325963065165e+03 
       1.852180219792e-01       2.281844376577e+03 
       1.883828537123e-01       2.234980416156e+03 
       1.915476885283e-01       2.183923611488e+03 
       1.947125262741e-01       2.128068312691e+03 
       1.978773668068e-01       2.067639549543e+03 
       2.010422099931e-01       2.003563236552e+03 
       2.042070557082e-01       1.937263809625e+03 
       2.073719038354e-01       1.870404051953e+03 
       2.105367542649e-01       1.804653166748e+03 
       2.137016068934e-01       1.741519573499e+03 
       2.168664616241e-01       1.682220318976e+03 
       2.200313183655e-01       1.627648012526e+03 
       2.231961770315e-01       1.578312521165e+03 
       2.263610375407e-01       1.534370319122e+03 
       2.295258998164e-01       1.495623068705e+03 
       2.326907637861e-01       1.461555821977e+03 
       2.358556293810e-01       1.431407480834e+03 
       2.390204965362e-01       1.404231856463e+03 
       2.421853651901e-01       1.379009526262e+03 
       2.453502352844e-01       1.354751037922e+03 
       2.485151067636e-01       1.330594005119e+03 
       2.516799795753e-01       1.305861037932e+03 
       2.548448536694e-01       1.280100076059e+03 
       2.580097289985e-01       1.253094524186e+03 
       2.611746055173e-01       1.224835757515e+03 
       2.643394831830e-01       1.195526197098e+03 
       2.675043619546e-01       1.165515551103e+03 
       2.706692417931e-01       1.135276703755e+03 
       2.738341226611e-01       1.105330728309e+03 
       2.769990045234e-01       1.076204624439e+03 
       2.801638873459e-01       1.048362432850e+03 
       2.833287710964e-01       1.022156717017e+03 
       2.864936557438e-01       9.977930953861e+02 
       2.896585412587e-01       9.753438679693e+02 
       2.928234276127e-01       9.547439226489e+02 
       2.959883147789e-01       9.358239313249e+02 
       2.991532027312e-01       9.183474280526e+02 
       3.023180914449e-01       9.020321648692e+02 
       3.054829808962e-01       8.865697802673e+02 
       3.086478710623e-01       8.716577551292e+02 
       3.118127619212e-01       8.570118462408e+02 
       3.149776534521e-01       8.423959783848e+02 
       3.181425456348e-01       8.276282130503e+02 
       3.213074384498e-01       8.126086706704e+02 
       3.244723318787e-01       7.973157246890e+02 
       3.276372259035e-01       7.818003942577e+02 
       3.308021205070e-01       7.661686052924e+02 
       3.339670156728e-01       7.505561360828e+02 
       3.371319113849e-01       7.351156240917e+02 
       3.402968076280e-01       7.199908998581e+02 
       3.434617043874e-01       7.053143024045e+02 
       3.466266016488e-01       6.911961498585e+02 
       3.497914993985e-01       6.777170309132e+02 
       3.529563976234e-01       6.649272737574e+02 
       3.561212963108e-01       6.528348404538e+02 
       3.592861954483e-01       6.414080827418e+02 
       3.624510950242e-01       6.305825754925e+02 
       3.656159950269e-01       6.202630941015e+02 
       3.687808954455e-01       6.103445135339e+02 
       3.719457962693e-01       6.007226274838e+02 
       3.751106974879e-01       5.913060378007e+02 
       3.782755990916e-01       5.820201049515e+02 
       3.814405010705e-01       5.728117460754e+02 
       3.846054034154e-01       5.636448713875e+02 
       3.877703061174e-01       5.545015132811e+02 
       3.909352091677e-01       5.453799475890e+02 
       3.941001125578e-01       5.362941485097e+02 
       3.972650162797e-01       5.272736442589e+02 
       4.004299203255e-01       5.183580975370e+02 
       4.035948246874e-01       5.095937895711e+02 
       4.067597293581e-01       5.010233115520e+02 
       4.099246343304e-01       4.926821962028e+02 
       4.130895395973e-01       4.845930954745e+02 
       4.162544451521e-01       4.767677705485e+02 
       4.194193509883e-01       4.692075674588e+02 
       4.225842570994e-01       4.619067794546e+02 
       4.257491634795e-01       4.548555549651e+02 
       4.289140701224e-01       4.480382586597e+02 
       4.320789770223e-01       4.414351090643e+02 
       4.352438841738e-01       4.350204161292e+02 
       4.384087915712e-01       4.287648157196e+02 
       4.415736992093e-01       4.226376479248e+02 
       4.447386070829e-01       4.166119109179e+02 
       4.479035151870e-01       4.106661617511e+02 
       4.510684235168e-01       4.047879086817e+02 
       4.542333320674e-01       3.989714239163e+02 
       4.573982408344e-01       3.932170029129e+02 
       4.605631498132e-01       3.875283937465e+02 
       4.637280589995e-01       3.819110487354e+02 
       4.668929683891e-01       3.763724746544e+02 
       4.700578779777e-01       3.709216466500e+02 
       4.732227877615e-01       3.655710874316e+02 
       4.763876977365e-01       3.603327570667e+02 
       4.795526078990e-01       3.552182102249e+02 
       4.827175182451e-01       3.502358295357e+02 
       4.858824287714e-01       3.453879910089e+02 
       4.890473394743e-01       3.406709635457e+02 
       4.922122503503e-01       3.360768837599e+02 
       4.953771613963e-01       3.315952668595e+02 
       4.985420726088e-01       3.272149830280e+02 
       5.017069839848e-01       3.229267666726e+02 
       5.048718955212e-01       3.187215051468e+02 
       5.080368072150e-01       3.145914663626e+02 
       5.112017190631e-01       3.105285657857e+02 
       5.143666310629e-01       3.065252772888e+02 
       5.175315432114e-01       3.025752883847e+02 
       5.206964555060e-01       2.986753437729e+02 
       5.238613679440e-01       2.948253844589e+02 
       5.270262805228e-01       2.910290213721e+02 
       5.301911932400e-01       2.872898658548e+02 
       5.333561060929e-01       2.836122842153e+02 
       5.365210190792e-01       2.800005586438e+02 
       5.396859321966e-01       2.764551044428e+02 
       5.428508454427e-01       2.729758805313e+02 
       5.460157588154e-01       2.695621320843e+02 
       5.491806723124e-01       2.662144151808e+02 
       5.523455859315e-01       2.629316246045e+02 
       5.555104996707e-01       2.597150978786e+02 
       5.586754135280e-01       2.565631826871e+02 
       5.618403275013e-01       2.534733169503e+02 
       5.650052415886e-01       2.504410717734e+02 
       5.681701557881e-01       2.474619591241e+02 
       5.713350700980e-01       2.445316403582e+02 
       5.744999845162e-01       2.416476424807e+02 
       5.776648990412e-01       2.388078025388e+02 
       5.808298136711e-01       2.360117936919e+02 
       5.839947284042e-01       2.332585111550e+02 
       5.871596432389e-01       2.305468981109e+02 
       5.903245581735e-01       2.278749467241e+02 
       5.934894732064e-01       2.252410144513e+02 
       5.966543883360e-01       2.226445658568e+02 
       5.998193035608e-01       2.200854554504e+02 
       6.029842188793e-01       2.175655980819e+02 
       6.061491342901e-01       2.150864313924e+02 
       6.093140497916e-01       2.126491734307e+02 
       6.124789653826e-01       2.102536631091e+02 
       6.156438810615e-01       2.078988162285e+02 
       6.188087968270e-01       2.055828730261e+02 
       6.219737126779e-01       2.033045292923e+02 
       6.251386286128e-01       2.010626671467e+02 
       6.283035446304e-01       1.988569509635e+02 
       6.314684607295e-01       1.966873144342e+02 
       6.346333769089e-01       1.945528938317e+02 
       6.377982931674e-01       1.924519680445e+02 
       6.409632095038e-01       1.903827174546e+02 
       6.441281259169e-01       1.883430784022e+02 
       6.472930424057e-01       1.863313980780e+02 
       6.504579589689e-01       1.843473394480e+02 
       6.536228756056e-01       1.823912805525e+02 
       6.567877923147e-01       1.804633014156e+02 
       6.599527090951e-01       1.785638320686e+02 
       6.631176259457e-01       1.766922758737e+02 
       6.662825428657e-01       1.748477003967e+02 
       6.694474598540e-01       1.730289651727e+02 
       6.726123769096e-01       1.712355950845e+02 
       6.757772940317e-01       1.694675203970e+02 
       6.789422112192e-01       1.677251896899e+02 
       6.821071284712e-01       1.660091275410e+02 
       6.852720457869e-01       1.643193701778e+02 
       6.884369631654e-01       1.626550476337e+02 
       6.916018806057e-01       1.610150223766e+02 
       6.947667981072e-01       1.593980759708e+02 
       6.979317156689e-01       1.578033085128e+02 
       7.010966332899e-01       1.562303494534e+02 
       7.042615509696e-01       1.546792644448e+02 
       7.074264687071e-01       1.531506060004e+02 
       7.105913865017e-01       1.516428740485e+02 
       7.137563043526e-01       1.501565065006e+02 
       7.169212222589e-01       1.486901165249e+02 
       7.200861402201e-01       1.472426782332e+02 
       7.232510582354e-01       1.458136920689e+02 
       7.264159763041e-01       1.444031301792e+02 
       7.295808944254e-01       1.430113950173e+02 
       7.327458125987e-01       1.416388002202e+02 
       7.359107308234e-01       1.402852980005e+02 
       7.390756490987e-01       1.389503828845e+02 
       7.422405674240e-01       1.376332394268e+02 
       7.454054857987e-01       1.363330445488e+02 
       8.152678624189e-01       1.115249214751e+02 
       9.168128978847e-01       8.547152522827e+01 
       1.078737412251e+00       5.882132526066e+01 
       1.333495014526e+00       3.584517650035e+01 
       1.676909335266e+00       2.078838761281e+01 
       2.111074157890e+00       1.191731643992e+01 
       2.657684813912e+00       6.776284719021e+00 
       3.345826948737e+00       3.824738875758e+00 
