# Matter power spectrum P(k) at redshift z=0
# for k=9.9905e-06 to 9.23934 h/Mpc,
# number of wavenumbers equal to 603
#    1:k (h/Mpc)              2:P (Mpc/h)^3        
       9.990501553337e-06       5.361708684556e+01 
       2.288957495652e-05       1.198344141826e+02 
       3.583286827560e-05       1.850944425754e+02 
       4.885530115202e-05       2.500232673638e+02 
       6.199236119110e-05       3.149859566969e+02 
       7.528042128124e-05       3.802629853433e+02 
       8.875706693704e-05       4.460989825062e+02 
       1.024614380371e-04       5.127226747908e+02 
       1.164345893603e-04       5.803572041177e+02 
       1.307198743582e-04       6.492264562148e+02 
       1.453633566085e-04       7.195595506074e+02 
       1.604142533369e-04       7.915944091031e+02 
       1.759254152161e-04       8.655808467009e+02 
       1.919538462831e-04       9.417834481280e+02 
       2.085612671551e-04       1.020484371137e+03 
       2.258147236448e-04       1.101986056290e+03 
       2.437872412006e-04       1.186614056598e+03 
       2.625585231091e-04       1.274719809207e+03 
       2.822156868216e-04       1.366683406296e+03 
       3.028540277603e-04       1.462916344225e+03 
       3.245777931570e-04       1.563863992647e+03 
       3.475009394436e-04       1.670007876970e+03 
       3.717478350936e-04       1.781867345498e+03 
       3.974538563213e-04       1.900000467841e+03 
       4.247658057200e-04       2.025003808190e+03 
       4.538420642882e-04       2.157510641404e+03 
       4.848523667288e-04       2.298187111320e+03 
       5.179770709978e-04       2.447725667363e+03 
       5.534057799920e-04       2.606835621210e+03 
       5.913351719588e-04       2.776229424538e+03 
       6.319659141816e-04       2.956605683801e+03 
       6.754985797964e-04       3.148626960053e+03 
       7.221285667468e-04       3.352894670479e+03 
       7.720401326263e-04       3.569920674488e+03 
       8.253998026265e-04       3.800097258731e+03 
       8.823495614449e-04       4.043668561481e+03 
       9.430003734024e-04       4.300705164122e+03 
       1.007426650795e-03       4.571085769448e+03 
       1.075662274708e-03       4.854488206582e+03 
       1.147698648085e-03       5.150391549025e+03 
       1.223485038407e-03       5.458090423219e+03 
       1.302931187097e-03       5.776720159223e+03 
       1.385911884301e-03       6.105269188194e+03 
       1.472272990825e-03       6.442668852360e+03 
       1.561838274329e-03       6.787807870537e+03 
       1.654416424559e-03       7.139550866325e+03 
       1.749807703588e-03       7.496784664502e+03 
       1.847809835017e-03       7.858445180750e+03 
       1.948222900874e-03       8.223537592277e+03 
       2.050853164449e-03       8.591151635529e+03 
       2.155515852884e-03       8.960468720242e+03 
       2.262037009126e-03       9.330763641101e+03 
       2.370254562191e-03       9.701403175444e+03 
       2.480018775811e-03       1.007183931797e+04 
       2.591192227639e-03       1.044160368371e+04 
       2.703649452650e-03       1.081029991939e+04 
       2.817276361356e-03       1.117759602705e+04 
       2.931969520141e-03       1.154321325971e+04 
       3.047635359808e-03       1.190692115763e+04 
       3.164189360391e-03       1.226852529074e+04 
       3.281555245715e-03       1.262786324076e+04 
       3.399664209837e-03       1.298479738130e+04 
       3.518454189041e-03       1.333921357321e+04 
       3.637869186800e-03       1.369101038354e+04 
       3.757858654801e-03       1.404010051230e+04 
       3.878376930118e-03       1.438639826925e+04 
       3.999382726683e-03       1.472983406934e+04 
       4.120838678014e-03       1.507033566311e+04 
       4.242710927506e-03       1.540782775223e+04 
       4.364968762299e-03       1.574224634689e+04 
       4.487584286699e-03       1.607351816772e+04 
       4.610532131228e-03       1.640157308732e+04 
       4.733789193640e-03       1.672634045960e+04 
       4.857334408435e-03       1.704774128853e+04 
       4.981148541781e-03       1.736570469881e+04 
       5.105214008965e-03       1.768015815836e+04 
       5.229514711843e-03       1.799100999582e+04 
       5.354035894012e-03       1.829819520234e+04 
       5.478764011648e-03       1.860163213420e+04 
       5.603686618242e-03       1.890124895696e+04 
       5.728792261619e-03       1.919697092350e+04 
       5.854070391838e-03       1.948872372797e+04 
       5.979511278739e-03       1.977643700523e+04 
       6.105105938032e-03       2.006005592751e+04 
       6.230846064970e-03       2.033951415670e+04 
       6.356723974755e-03       2.061474964654e+04 
       6.482732548923e-03       2.088571745625e+04 
       6.608865187063e-03       2.115236412507e+04 
       6.735115763259e-03       2.141465401510e+04 
       6.861478586778e-03       2.167255938362e+04 
       6.987948366515e-03       2.192603089712e+04 
       7.114520178822e-03       2.217506190172e+04 
       7.241189438339e-03       2.241962920206e+04 
       7.367951871545e-03       2.265971254246e+04 
       7.494803492715e-03       2.289531273118e+04 
       7.621740582062e-03       2.312643821015e+04 
       7.748759665837e-03       2.335309513313e+04 
       7.875857498181e-03       2.357527946454e+04 
       8.003031044574e-03       2.379302294585e+04 
       8.130277466706e-03       2.400635223413e+04 
       8.257594108650e-03       2.421527246006e+04 
       8.384978484199e-03       2.441982667895e+04 
       8.512428265259e-03       2.462008147766e+04 
       8.639941271216e-03       2.481604259582e+04 
       8.767515459155e-03       2.500773864208e+04 
       8.895148914886e-03       2.519524788093e+04 
       9.022839844682e-03       2.537859943274e+04 
       9.150586567676e-03       2.555784107484e+04 
       9.278387508853e-03       2.573303692798e+04 
       9.406241192590e-03       2.590422825039e+04 
       9.534146236693e-03       2.607149131658e+04 
       9.662101346886e-03       2.623484623610e+04 
       9.790105311728e-03       2.639438116514e+04 
       9.918156997897e-03       2.655014273886e+04 
       1.004625534584e-02       2.670216936334e+04 
       1.017439936573e-02       2.685054955786e+04 
       1.030258813372e-02       2.699531035318e+04 
       1.043082078852e-02       2.713652084208e+04 
       1.055909652810e-02       2.727424619119e+04 
       1.068741460678e-02       2.740851059306e+04 
       1.081577433243e-02       2.753939286547e+04 
       1.094417506388e-02       2.766694064939e+04 
       1.107261620854e-02       2.779117570267e+04 
       1.120109722020e-02       2.791218822169e+04 
       1.132961759691e-02       2.802996062633e+04 
       1.145817687911e-02       2.814465796179e+04 
       1.158677464780e-02       2.825617250986e+04 
       1.171541052291e-02       2.836465682236e+04 
       1.184408416172e-02       2.847008979180e+04 
       1.197279525746e-02       2.857258108429e+04 
       1.210154353793e-02       2.867214266747e+04 
       1.223032876428e-02       2.876869791130e+04 
       1.235915072985e-02       2.886242841176e+04 
       1.248800925908e-02       2.895329125980e+04 
       1.261690420654e-02       2.904134405164e+04 
       1.274583545599e-02       2.912657746731e+04 
       1.287480291950e-02       2.920910009872e+04 
       1.300380653669e-02       2.928885551940e+04 
       1.313284627396e-02       2.936594623497e+04 
       1.326192212385e-02       2.944032255234e+04 
       1.339103410436e-02       2.951199681395e+04 
       1.352018225841e-02       2.958103592818e+04 
       1.364936665330e-02       2.964754092324e+04 
       1.377858738022e-02       2.971141885111e+04 
       1.390784455379e-02       2.977266741957e+04 
       1.403713831169e-02       2.983142705404e+04 
       1.416646881424e-02       2.988763001569e+04 
       1.429583624411e-02       2.994132064110e+04 
       1.442524080600e-02       2.999256012792e+04 
       1.455468272640e-02       3.004119592466e+04 
       1.468416225331e-02       3.008761054182e+04 
       1.479392957947e-02       3.012490350298e+04 
       1.481367965606e-02       3.013145897191e+04 
       1.494323522514e-02       3.017297648462e+04 
       1.507282927202e-02       3.021200093663e+04 
       1.520246212907e-02       3.024870258094e+04 
       1.533213414939e-02       3.028306828113e+04 
       1.546184570683e-02       3.031515979427e+04 
       1.559159719583e-02       3.034494130729e+04 
       1.572138903148e-02       3.037241579273e+04 
       1.585122164946e-02       3.039764726088e+04 
       1.598109550605e-02       3.042058971300e+04 
       1.611101107820e-02       3.044140631891e+04 
       1.624096886355e-02       3.046001554016e+04 
       1.637096938052e-02       3.047651103424e+04 
       1.650101316838e-02       3.049075285240e+04 
       1.663110078738e-02       3.050303792467e+04 
       1.676123281886e-02       3.051310151779e+04 
       1.689140986542e-02       3.052118017131e+04 
       1.702163255107e-02       3.052722152761e+04 
       1.715190152138e-02       3.053125509437e+04 
       1.728221744373e-02       3.053332536062e+04 
       1.741258100750e-02       3.053346545338e+04 
       1.754299292430e-02       3.053153371584e+04 
       1.767345392822e-02       3.052776919486e+04 
       1.780396477610e-02       3.052218062794e+04 
       1.793452624778e-02       3.051472045616e+04 
       1.806513914648e-02       3.050539445615e+04 
       1.819580429900e-02       3.049437827964e+04 
       1.832652255616e-02       3.048150233562e+04 
       1.845729479307e-02       3.046693153360e+04 
       1.858812190954e-02       3.045063987599e+04 
       1.871900483044e-02       3.043259156604e+04 
       1.884994450611e-02       3.041295159190e+04 
       1.898094191278e-02       3.039171005656e+04 
       1.911199805298e-02       3.036883380053e+04 
       1.924311395601e-02       3.034428626715e+04 
       1.937429067841e-02       3.031826004074e+04 
       1.950552930445e-02       3.029065725979e+04 
       1.963683094662e-02       3.026155548186e+04 
       1.976819674615e-02       3.023109099782e+04 
       1.989962787358e-02       3.019892138044e+04 
       2.003112552931e-02       3.016556678953e+04 
       2.016269094417e-02       3.013072883671e+04 
       2.029432538003e-02       3.009446232170e+04 
       2.042603013042e-02       3.005686795752e+04 
       2.055780652118e-02       3.001790979096e+04 
       2.068965591112e-02       2.997766872312e+04 
       2.082157969271e-02       2.993609882499e+04 
       2.095357929279e-02       2.989318491367e+04 
       2.108565617328e-02       2.984908995487e+04 
       2.121781183197e-02       2.980378484062e+04 
       2.135004780328e-02       2.975724530382e+04 
       2.148236565906e-02       2.970949354517e+04 
       2.161476700945e-02       2.966052464319e+04 
       2.174725350369e-02       2.961050847208e+04 
       2.187982683103e-02       2.955934328531e+04 
       2.201248872165e-02       2.950704284426e+04 
       2.214524094759e-02       2.945363853692e+04 
       2.227808532371e-02       2.939919064152e+04 
       2.241102370869e-02       2.934362831671e+04 
       2.254405800609e-02       2.928707550206e+04 
       2.267719016536e-02       2.922947802397e+04 
       2.281042218298e-02       2.917094111798e+04 
       2.294375610358e-02       2.911132855351e+04 
       2.307719402111e-02       2.905084698082e+04 
       2.321073808001e-02       2.898934433366e+04 
       2.334439047649e-02       2.892694895161e+04 
       2.347815345979e-02       2.886363689302e+04 
       2.361202933351e-02       2.879946426462e+04 
       2.374602045694e-02       2.873442736310e+04 
       2.388012924652e-02       2.866842141842e+04 
       2.401435817724e-02       2.860164245379e+04 
       2.414870978414e-02       2.853402959736e+04 
       2.428318666391e-02       2.846563504985e+04 
       2.441779147638e-02       2.839640082941e+04 
       2.455252694629e-02       2.832645152862e+04 
       2.468739586486e-02       2.825569629899e+04 
       2.482240109165e-02       2.818418584882e+04 
       2.495754555631e-02       2.811201132724e+04 
       2.509283226046e-02       2.803909722747e+04 
       2.522826427966e-02       2.796541300046e+04 
       2.536384476533e-02       2.789118762286e+04 
       2.549957694690e-02       2.781624984735e+04 
       2.563546413389e-02       2.774064155791e+04 
       2.577150971812e-02       2.766441742064e+04 
       2.590771717601e-02       2.758750264338e+04 
       2.604409007091e-02       2.751013683996e+04 
       2.618063205556e-02       2.743204747834e+04 
       2.631734687462e-02       2.735350599930e+04 
       2.645423836724e-02       2.727431836904e+04 
       2.659131046981e-02       2.719465646311e+04 
       2.672856721874e-02       2.711439482411e+04 
       2.686601275334e-02       2.703365758761e+04 
       2.700365131884e-02       2.695246377852e+04 
       2.714148726949e-02       2.687076138531e+04 
       2.727952507179e-02       2.678861841872e+04 
       2.741776930780e-02       2.670601214532e+04 
       2.755622467864e-02       2.662290728181e+04 
       2.769489600804e-02       2.653943703806e+04 
       2.783378824610e-02       2.645554368354e+04 
       2.797290647311e-02       2.637119477875e+04 
       2.811225590359e-02       2.628650986894e+04 
       2.825184189041e-02       2.620154730242e+04 
       2.839166992915e-02       2.611603292589e+04 
       2.853174566257e-02       2.603022511131e+04 
       2.867207488526e-02       2.594408097790e+04 
       2.881266354848e-02       2.585764701356e+04 
       2.895351776520e-02       2.577086432061e+04 
       2.909464381534e-02       2.568381804292e+04 
       2.923604815118e-02       2.559640604110e+04 
       2.937773740309e-02       2.550870738894e+04 
       2.951971838533e-02       2.542083655673e+04 
       2.966199810227e-02       2.533270561274e+04 
       2.980458375473e-02       2.524426831773e+04 
       2.994748274666e-02       2.515562026192e+04 
       3.009070269205e-02       2.506666832885e+04 
       3.023425142221e-02       2.497758017923e+04 
       3.037813699326e-02       2.488819971889e+04 
       3.052236769402e-02       2.479867362658e+04 
       3.066695205421e-02       2.470896643059e+04 
       3.081189885307e-02       2.461903294414e+04 
       3.095721712822e-02       2.452897826574e+04 
       3.110291618511e-02       2.443876406859e+04 
       3.124900560671e-02       2.434828184520e+04 
       3.139549526379e-02       2.425779836124e+04 
       3.154239532558e-02       2.416708502627e+04 
       3.168971627098e-02       2.407627332262e+04 
       3.183746890023e-02       2.398523003512e+04 
       3.198566434721e-02       2.389434132729e+04 
       3.213431409228e-02       2.380306901453e+04 
       3.228342997574e-02       2.371193919604e+04 
       3.243302421197e-02       2.362045813787e+04 
       3.258310940423e-02       2.352880955477e+04 
       3.273369856023e-02       2.343759154142e+04 
       3.288480510844e-02       2.334590596986e+04 
       3.303644291528e-02       2.325417798971e+04 
       3.318862630315e-02       2.316242192568e+04 
       3.334137006937e-02       2.307077728217e+04 
       3.349468950617e-02       2.297862564241e+04 
       3.364860042172e-02       2.288684305537e+04 
       3.380311916220e-02       2.279488613184e+04 
       3.395826263518e-02       2.270318152497e+04 
       3.411404833418e-02       2.261095331240e+04 
       3.427049436466e-02       2.251879330209e+04 
       3.442761947134e-02       2.242693197012e+04 
       3.458544306722e-02       2.233461812862e+04 
       3.474398526407e-02       2.224253878549e+04 
       3.490326690482e-02       2.215050666175e+04 
       3.506330959777e-02       2.205839844210e+04 
       3.522413575279e-02       2.196615922449e+04 
       3.538576861974e-02       2.187396700496e+04 
       3.554823232916e-02       2.178174407837e+04 
       3.571155193543e-02       2.168961752468e+04 
       3.587575346262e-02       2.159735860002e+04 
       3.604086395322e-02       2.150532054697e+04 
       3.620691151986e-02       2.141317925032e+04 
       3.637392540048e-02       2.132094385527e+04 
       3.654193601693e-02       2.122891986374e+04 
       3.671097503750e-02       2.113678371537e+04 
       3.688107544358e-02       2.104467887273e+04 
       3.705227160084e-02       2.095254587987e+04 
       3.722459933518e-02       2.086049552298e+04 
       3.739809601405e-02       2.076836944905e+04 
       3.757280063334e-02       2.067640351352e+04 
       3.774875391053e-02       2.058417798727e+04 
       3.792599838451e-02       2.049207434047e+04 
       3.810457852267e-02       2.040010354544e+04 
       3.828454083598e-02       2.030799479464e+04 
       3.846593400261e-02       2.021590844031e+04 
       3.864880900107e-02       2.012383872236e+04 
       3.883321925358e-02       2.003188206252e+04 
       3.901922078070e-02       1.993985935256e+04 
       3.920687236832e-02       1.984771583200e+04 
       3.939623574804e-02       1.975576021356e+04 
       3.958737579256e-02       1.966364812133e+04 
       3.978036072715e-02       1.957149012818e+04 
       3.997526235925e-02       1.947939119829e+04 
       4.017215632769e-02       1.938727549143e+04 
       4.037112237389e-02       1.929503286707e+04 
       4.057224463706e-02       1.920276282747e+04 
       4.077561197625e-02       1.911052469872e+04 
       4.098131832206e-02       1.901817377970e+04 
       4.118946306129e-02       1.892568936661e+04 
       4.140015145832e-02       1.883315022012e+04 
       4.161349511745e-02       1.874059165523e+04 
       4.182961249100e-02       1.864787872648e+04 
       4.204862943863e-02       1.855503116032e+04 
       4.227067984412e-02       1.846216575247e+04 
       4.249590629679e-02       1.836908225049e+04 
       4.272446084567e-02       1.827583991862e+04 
       4.295650583588e-02       1.818256548688e+04 
       4.319221483795e-02       1.808908064572e+04 
       4.343177368268e-02       1.799531925574e+04 
       4.367538161592e-02       1.790127653621e+04 
       4.392325259002e-02       1.780707678095e+04 
       4.417561671165e-02       1.771262405051e+04 
       4.443272186863e-02       1.761791020054e+04 
       4.469483556267e-02       1.752299123079e+04 
       4.496224697929e-02       1.742760557599e+04 
       4.523526933214e-02       1.733193181827e+04 
       4.551424252540e-02       1.723582307874e+04 
       4.579953618637e-02       1.713938689510e+04 
       4.609155313031e-02       1.704238609194e+04 
       4.639073333156e-02       1.694491524180e+04 
       4.669755849010e-02       1.684694743176e+04 
       4.701255730085e-02       1.674853856686e+04 
       4.733631155557e-02       1.664928166629e+04 
       4.766946323535e-02       1.654942471981e+04 
       4.801272278625e-02       1.644881917368e+04 
       4.836687881440e-02       1.634753200209e+04 
       4.873280949137e-02       1.624516436041e+04 
       4.911149602937e-02       1.614176684772e+04 
       4.950403867282e-02       1.603744469538e+04 
       4.991167576327e-02       1.593186134251e+04 
       5.033580657473e-02       1.582505459144e+04 
       5.077801879535e-02       1.571679126300e+04 
       5.124012175948e-02       1.560700814701e+04 
       5.172418682388e-02       1.549544097053e+04 
       5.223259665013e-02       1.538180845825e+04 
       5.276810561698e-02       1.526598443454e+04 
       5.333391415837e-02       1.514765945015e+04 
       5.393376050998e-02       1.502635595141e+04 
       5.457203413143e-02       1.490175587485e+04 
       5.525391587803e-02       1.477329362168e+04 
       5.598555062604e-02       1.464026238933e+04 
       5.677425806294e-02       1.450181790048e+04 
       5.762878580377e-02       1.435692864208e+04 
       5.855960403572e-02       1.420412192122e+04 
       5.957922905359e-02       1.404150750476e+04 
       6.070253825239e-02       1.386663791908e+04 
       6.194699191969e-02       1.367630049991e+04 
       6.333259603333e-02       1.346604728083e+04 
       6.488132091524e-02       1.323022806076e+04 
       6.661556409700e-02       1.296162450405e+04 
       6.855523432973e-02       1.265176553234e+04 
       7.071339432464e-02       1.229185501767e+04 
       7.309138129055e-02       1.187465805006e+04 
       7.567561900587e-02       1.139759901004e+04 
       7.843858780677e-02       1.086525103815e+04 
       8.134436129711e-02       1.029058222043e+04 
       8.435605320892e-02       9.693232158801e+03 
       8.744161578137e-02       9.096244490092e+03 
       9.057635280443e-02       8.521988000972e+03 
       9.374276658465e-02       7.989228506071e+03 
       9.692914257466e-02       7.511402831933e+03 
       1.001279225168e-01       7.095837311974e+03 
       1.033343430232e-01       6.744135599105e+03 
       1.065454457710e-01       6.452955717188e+03 
       1.097594099565e-01       6.215044965428e+03 
       1.129751209919e-01       6.020485759398e+03 
       1.161918987796e-01       5.857730247766e+03 
       1.194093290752e-01       5.714630032758e+03 
       1.226271597691e-01       5.579776708844e+03 
       1.258452374416e-01       5.443202470251e+03 
       1.290634686793e-01       5.297318954337e+03 
       1.322817965355e-01       5.137447930142e+03 
       1.355001862220e-01       4.962000834931e+03 
       1.387186164180e-01       4.772297851848e+03 
       1.419370739927e-01       4.572033889807e+03 
       1.451555508003e-01       4.366503772954e+03 
       1.483740417342e-01       4.161771942757e+03 
       1.515925435453e-01       3.963837337235e+03 
       1.548110541227e-01       3.777959985159e+03 
       1.580295720576e-01       3.608200780661e+03 
       1.612480963767e-01       3.457127043432e+03 
       1.644666263799e-01       3.325746239344e+03 
       1.676851615411e-01       3.213593900789e+03 
       1.709037014470e-01       3.118935741517e+03 
       1.741222457596e-01       3.039048545286e+03 
       1.773407941928e-01       2.970568037765e+03 
       1.805593464973e-01       2.909811938482e+03 
       1.837779024517e-01       2.853433605707e+03 
       1.869964618561e-01       2.798282507581e+03 
       1.902150245277e-01       2.741010732969e+03 
       1.934335902986e-01       2.679597991795e+03 
       1.966521590130e-01       2.612974106792e+03 
       1.998707305263e-01       2.541055821800e+03 
       2.030893047035e-01       2.464631724029e+03 
       2.063078814185e-01       2.385147941587e+03 
       2.095264605531e-01       2.304459110272e+03 
       2.127450419966e-01       2.224518070658e+03 
       2.159636256448e-01       2.147134947357e+03 
       2.191822113997e-01       2.073859880909e+03 
       2.224007991694e-01       2.005830740911e+03 
       2.256193888668e-01       1.943792161548e+03 
       2.288379804101e-01       1.888057850496e+03 
       2.320565737219e-01       1.838528350117e+03 
       2.352751687291e-01       1.794743308185e+03 
       2.384937653627e-01       1.755896488117e+03 
       2.417123635572e-01       1.720978666164e+03 
       2.449309632508e-01       1.688824373092e+03 
       2.481495643846e-01       1.658255323276e+03 
       2.513681669030e-01       1.628225447444e+03 
       2.545867707533e-01       1.597863314326e+03 
       2.578053758851e-01       1.566539189422e+03 
       2.610239822508e-01       1.533922762056e+03 
       2.642425898050e-01       1.499926899681e+03 
       2.674611985046e-01       1.464692814519e+03 
       2.706798083084e-01       1.428572310324e+03 
       2.738984191774e-01       1.392052739769e+03 
       2.771170310741e-01       1.355719194747e+03 
       2.803356439630e-01       1.320178380704e+03 
       2.835542578101e-01       1.285985038310e+03 
       2.867728725830e-01       1.253601030565e+03 
       2.899914882506e-01       1.223322253871e+03 
       2.932101047834e-01       1.195279972801e+03 
       2.964287221530e-01       1.169440693100e+03 
       2.996473403323e-01       1.145665444058e+03 
       3.028659592953e-01       1.123678116440e+03 
       3.060845790172e-01       1.103179817633e+03 
       3.093031994742e-01       1.083814471136e+03 
       3.125218206434e-01       1.065233084867e+03 
       3.157404425030e-01       1.047103610058e+03 
       3.189590650319e-01       1.029130832024e+03 
       3.221776882101e-01       1.011088641992e+03 
       3.253963120180e-01       9.928191633108e+02 
       3.286149364373e-01       9.742758677075e+02 
       3.318335614498e-01       9.554820658655e+02 
       3.350521870386e-01       9.365418763318e+02 
       3.382708131870e-01       9.176017254029e+02 
       3.414894398792e-01       8.988304070394e+02 
       3.447080670998e-01       8.803978022201e+02 
       3.479266948342e-01       8.624614218168e+02 
       3.511453230680e-01       8.451498352527e+02 
       3.543639517878e-01       8.285691848870e+02 
       3.575825809802e-01       8.127824163925e+02 
       3.608012106326e-01       7.978150897205e+02 
       3.640198407328e-01       7.836459053486e+02 
       3.672384712688e-01       7.702115546334e+02 
       3.704571022293e-01       7.574207602976e+02 
       3.736757336033e-01       7.451429263209e+02 
       3.768943653801e-01       7.332637010587e+02 
       3.801129975495e-01       7.216681725307e+02 
       3.833316301014e-01       7.102662611469e+02 
       3.865502630265e-01       6.989860739278e+02 
       3.897688963152e-01       6.877822170108e+02 
       3.929875299588e-01       6.766299892861e+02 
       3.962061639484e-01       6.655218427732e+02 
       3.994247982758e-01       6.544666732400e+02 
       4.026434329327e-01       6.434933356426e+02 
       4.058620679113e-01       6.326405307353e+02 
       4.090807032040e-01       6.219582203308e+02 
       4.122993388033e-01       6.114974567945e+02 
       4.155179747022e-01       6.012995099009e+02 
       4.187366108937e-01       5.913986693618e+02 
       4.219552473710e-01       5.818090535564e+02 
       4.251738841278e-01       5.725351326648e+02 
       4.283925211575e-01       5.635707328461e+02 
       4.316111584542e-01       5.549052457150e+02 
       4.348297960118e-01       5.465208020326e+02 
       4.380484338246e-01       5.383978490785e+02 
       4.412670718870e-01       5.305093519992e+02 
       4.444857101936e-01       5.228238990345e+02 
       4.477043487390e-01       5.153075914005e+02 
       4.509229875181e-01       5.079280007568e+02 
       4.541416265259e-01       5.006572870528e+02 
       4.573602657577e-01       4.934772401005e+02 
       4.605789052086e-01       4.863780292864e+02 
       4.637975448741e-01       4.793597896850e+02 
       4.670161847498e-01       4.724243279387e+02 
       4.702348248313e-01       4.655787396378e+02 
       4.734534651144e-01       4.588307888618e+02 
       4.766721055950e-01       4.521881008801e+02 
       4.798907462691e-01       4.456640251202e+02 
       4.831093871329e-01       4.392694414444e+02 
       4.863280281826e-01       4.330192947041e+02 
       4.895466694144e-01       4.269236511416e+02 
       4.927653108248e-01       4.209876396129e+02 
       4.959839524103e-01       4.152097686382e+02 
       4.992025941676e-01       4.095824307555e+02 
       5.024212360933e-01       4.040945054529e+02 
       5.056398781841e-01       3.987318126686e+02 
       5.088585204370e-01       3.934830052648e+02 
       5.120771628489e-01       3.883373853285e+02 
       5.152958054167e-01       3.832851675150e+02 
       5.185144481376e-01       3.783185058312e+02 
       5.217330910087e-01       3.734288412207e+02 
       5.249517340273e-01       3.686086818163e+02 
       5.281703771907e-01       3.638525588819e+02 
       5.313890204961e-01       3.591590101282e+02 
       5.346076639411e-01       3.545296978466e+02 
       5.378263075232e-01       3.499694179846e+02 
       5.410449512398e-01       3.454830222788e+02 
       5.442635950885e-01       3.410749404260e+02 
       5.474822390672e-01       3.367483329662e+02 
       5.507008831733e-01       3.325028234198e+02 
       5.539195274048e-01       3.283371811872e+02 
       5.571381717595e-01       3.242508880406e+02 
       5.603568162352e-01       3.202432298514e+02 
       5.635754608298e-01       3.163131337289e+02 
       5.667941055413e-01       3.124613613424e+02 
       5.700127503678e-01       3.086849317543e+02 
       5.732313953072e-01       3.049805832198e+02 
       5.764500403577e-01       3.013421893195e+02 
       5.796686855175e-01       2.977650261880e+02 
       5.828873307847e-01       2.942446015984e+02 
       5.861059761575e-01       2.907785990787e+02 
       5.893246216342e-01       2.873658659314e+02 
       5.925432672131e-01       2.840053511561e+02 
       5.957619128926e-01       2.806966284360e+02 
       5.989805586709e-01       2.774378507745e+02 
       6.021992045467e-01       2.742269619648e+02 
       6.054178505181e-01       2.710626224736e+02 
       6.086364965839e-01       2.679438148630e+02 
       6.118551427424e-01       2.648718001401e+02 
       6.150737889922e-01       2.618480450879e+02 
       6.182924353319e-01       2.588744837698e+02 
       6.215110817600e-01       2.559516308879e+02 
       6.247297282752e-01       2.530784501848e+02 
       6.279483748762e-01       2.502538738533e+02 
       6.311670215617e-01       2.474753561534e+02 
       6.343856683303e-01       2.447410798320e+02 
       6.376043151807e-01       2.420503669181e+02 
       6.408229621119e-01       2.394027886658e+02 
       6.440416091224e-01       2.367978473444e+02 
       6.472602562113e-01       2.342342016427e+02 
       6.504789033772e-01       2.317103580394e+02 
       6.536975506190e-01       2.292235654012e+02 
       6.569161979357e-01       2.267716160513e+02 
       6.601348453262e-01       2.243535015069e+02 
       6.633534927892e-01       2.219686893442e+02 
       6.665721403239e-01       2.196179662030e+02 
       6.697907879291e-01       2.173016885537e+02 
       6.730094356039e-01       2.150197685280e+02 
       6.762280833473e-01       2.127713535344e+02 
       6.794467311582e-01       2.105553347762e+02 
       6.826653790357e-01       2.083703540699e+02 
       6.858840269790e-01       2.062158719543e+02 
       6.891026749869e-01       2.040922314521e+02 
       6.923213230588e-01       2.019998362206e+02 
       6.955399711936e-01       1.999391264694e+02 
       6.987586193904e-01       1.979097586629e+02 
       7.019772676486e-01       1.959105554304e+02 
       7.051959159671e-01       1.939401089660e+02 
       7.084145643452e-01       1.919969530384e+02 
       7.116332127820e-01       1.900803414473e+02 
       7.148518612768e-01       1.881897981483e+02 
       7.180705098288e-01       1.863256544639e+02 
       7.212891584372e-01       1.844879067382e+02 
       7.796082952036e-01       1.551426307964e+02 
       8.593536175593e-01       1.246198079547e+02 
       9.792475599500e-01       9.257407198543e+01 
       1.173473480671e+00       6.095292670140e+01 
       1.464779654073e+00       3.619970281377e+01 
       1.843495011265e+00       2.088957043351e+01 
       2.320817540179e+00       1.194183598361e+01 
       2.921736169166e+00       6.773242022821e+00 
       3.678247909919e+00       3.814301038834e+00 
       4.630639764676e+00       2.134111895482e+00 
       5.829630072615e+00       1.186982166022e+00 
       7.339069439775e+00       6.566276421846e-01 
       9.239341016655e+00       3.614300069227e-01 
