# Matter power spectrum P(k) at redshift z=0
# for k=1.02989e-05 to 8.2919 h/Mpc,
# number of wavenumbers equal to 613
#    1:k (h/Mpc)              2:P (Mpc/h)^3        
       1.029887249158e-05       4.831828119072e+01 
       2.297337480591e-05       1.052262214002e+02 
       3.569107752033e-05       1.613354808021e+02 
       4.848510829802e-05       2.171644885768e+02 
       6.138912582135e-05       2.730186652132e+02 
       7.443761040902e-05       3.291330805215e+02 
       8.766616364764e-05       3.857126869696e+02 
       1.011118209059e-04       4.429489119538e+02 
       1.148133806295e-04       5.010282650257e+02 
       1.288117543472e-04       5.601376239070e+02 
       1.431503413297e-04       6.204679759110e+02 
       1.578754318006e-04       6.821616273497e+02 
       1.730366424610e-04       7.455263157438e+02 
       1.886873877943e-04       8.107359834987e+02 
       2.048853900875e-04       8.780245297035e+02 
       2.216932302330e-04       9.476424635149e+02 
       2.391789400233e-04       1.019859220745e+03 
       2.574166346351e-04       1.094965527238e+03 
       2.764871811084e-04       1.173275772385e+03 
       2.964788945729e-04       1.255130377324e+03 
       3.174882484570e-04       1.340898080730e+03 
       3.396205775790e-04       1.430978051145e+03 
       3.629907435344e-04       1.525801685272e+03 
       3.877237198982e-04       1.625833905135e+03 
       4.139550403764e-04       1.731573711984e+03 
       4.418310364638e-04       1.843553685655e+03 
       4.715087732766e-04       1.962338071894e+03 
       5.031555748219e-04       2.088519008380e+03 
       5.369480160397e-04       2.222710461540e+03 
       5.730702529627e-04       2.365539375345e+03 
       6.117115701723e-04       2.517633667038e+03 
       6.530630531526e-04       2.679606836895e+03 
       6.973133485421e-04       2.852039164461e+03 
       7.446435613336e-04       3.035455940776e+03 
       7.952214527763e-04       3.230303583107e+03 
       8.491952353798e-04       3.436925026282e+03 
       9.066873910372e-04       3.655536264629e+03 
       9.677890354466e-04       3.886206291214e+03 
       1.032555385054e-03       4.128842590939e+03 
       1.101002827982e-03       4.383184228167e+03 
       1.173107952816e-03       4.648803698446e+03 
       1.248808668687e-03       4.925117722091e+03 
       1.328007299043e-03       5.211397912141e+03 
       1.410575302569e-03       5.506787778031e+03 
       1.496359114150e-03       5.810402618318e+03 
       1.585186532316e-03       6.121275033359e+03 
       1.676873106810e-03       6.438413670688e+03 
       1.771228078630e-03       6.760828972380e+03 
       1.868059561882e-03       7.087554795163e+03 
       1.967178799401e-03       7.417665441596e+03 
       2.068403448118e-03       7.750288080497e+03 
       2.171559942832e-03       8.084611476578e+03 
       2.276485045625e-03       8.419890027661e+03 
       2.383026716761e-03       8.755444977754e+03 
       2.491044448840e-03       9.090666578906e+03 
       2.600409197033e-03       9.425005204672e+03 
       2.711003021116e-03       9.757974599802e+03 
       2.822718534726e-03       1.008914317465e+04 
       2.935458237063e-03       1.041813271037e+04 
       3.049133784040e-03       1.074460966139e+04 
       3.163665240381e-03       1.106828477265e+04 
       3.278980341692e-03       1.138890631452e+04 
       3.395013785775e-03       1.170625614746e+04 
       3.511706565126e-03       1.202014524265e+04 
       3.629005347186e-03       1.233041438186e+04 
       3.746861905099e-03       1.263692507498e+04 
       3.865232599123e-03       1.293956396514e+04 
       3.984077907112e-03       1.323823125591e+04 
       4.103362001432e-03       1.353284764352e+04 
       4.223052369057e-03       1.382334717819e+04 
       4.343119471342e-03       1.410967533926e+04 
       4.463536439883e-03       1.439179137427e+04 
       4.584278805001e-03       1.466966115856e+04 
       4.705324253529e-03       1.494326251111e+04 
       4.826652412830e-03       1.521258056179e+04 
       4.948244658228e-03       1.547760240977e+04 
       5.070083941267e-03       1.573832539492e+04 
       5.192154636504e-03       1.599475068119e+04 
       5.314442404742e-03       1.624688315125e+04 
       5.436934070856e-03       1.649473314835e+04 
       5.559617514578e-03       1.673831214523e+04 
       5.682481572746e-03       1.697764002708e+04 
       5.805515951766e-03       1.721273154647e+04 
       5.928711149100e-03       1.744360913631e+04 
       6.052058382800e-03       1.767030110056e+04 
       6.175549528174e-03       1.789282886017e+04 
       6.299177060802e-03       1.811121926239e+04 
       6.422934005212e-03       1.832550398502e+04 
       6.546813888582e-03       1.853570945426e+04 
       6.670810698946e-03       1.874187526172e+04 
       6.794918847406e-03       1.894402339623e+04 
       6.919133133927e-03       1.914219516191e+04 
       7.043448716349e-03       1.933642406890e+04 
       7.167861082270e-03       1.952674461793e+04 
       7.292366023506e-03       1.971318314270e+04 
       7.416959612869e-03       1.989579140431e+04 
       7.541638183027e-03       2.007460263609e+04 
       7.666398307236e-03       2.024965416628e+04 
       7.791236781762e-03       2.042097433575e+04 
       7.916150609827e-03       2.058861155522e+04 
       8.041136986927e-03       2.075260117615e+04 
       8.166193287399e-03       2.091297953324e+04 
       8.291317052110e-03       2.106978358069e+04 
       8.416505977172e-03       2.122307010446e+04 
       8.541757903578e-03       2.137285451900e+04 
       8.667070807681e-03       2.151918517804e+04 
       8.792442792440e-03       2.166210190248e+04 
       8.917872079361e-03       2.180163954671e+04 
       9.043357001071e-03       2.193783996491e+04 
       9.168895994478e-03       2.207073645327e+04 
       9.294487594446e-03       2.220036960862e+04 
       9.420130427972e-03       2.232677125594e+04 
       9.545823208789e-03       2.244998439319e+04 
       9.671564732383e-03       2.257004044444e+04 
       9.797353871381e-03       2.268698347052e+04 
       9.923189571279e-03       2.280085753263e+04 
       1.004907084648e-02       2.291166235889e+04 
       1.017499677664e-02       2.301948777865e+04 
       1.030096650323e-02       2.312432155232e+04 
       1.042697922641e-02       2.322622724645e+04 
       1.055303420209e-02       2.332521160827e+04 
       1.067913073918e-02       2.342134090549e+04 
       1.080526819708e-02       2.351463306093e+04 
       1.093144598333e-02       2.360514807102e+04 
       1.105766355139e-02       2.369284634555e+04 
       1.118392039865e-02       2.377787663013e+04 
       1.131021606448e-02       2.386017936864e+04 
       1.143655012852e-02       2.393981150085e+04 
       1.156292220900e-02       2.401679968356e+04 
       1.168933196123e-02       2.409121350363e+04 
       1.181577907619e-02       2.416306727883e+04 
       1.194226327918e-02       2.423234620545e+04 
       1.206878432863e-02       2.429913986376e+04 
       1.219534201490e-02       2.436344480628e+04 
       1.232193615929e-02       2.442532083206e+04 
       1.244856661299e-02       2.448481650896e+04 
       1.257523325621e-02       2.454187781823e+04 
       1.270193599728e-02       2.459664327544e+04 
       1.282867477192e-02       2.464902567609e+04 
       1.295544954248e-02       2.469916202154e+04 
       1.308226029724e-02       2.474697908058e+04 
       1.320910704985e-02       2.479262715309e+04 
       1.333598983871e-02       2.483602241704e+04 
       1.346290872644e-02       2.487723332416e+04 
       1.358986379944e-02       2.491632191286e+04 
       1.371685516739e-02       2.495325457926e+04 
       1.384388296290e-02       2.498807477770e+04 
       1.397094734110e-02       2.502088269778e+04 
       1.409804847935e-02       2.505158979478e+04 
       1.422518657691e-02       2.508031227658e+04 
       1.435236185467e-02       2.510699954994e+04 
       1.447957455495e-02       2.513175579923e+04 
       1.453563319488e-02       2.514196043801e+04 
       1.460682494129e-02       2.515452412981e+04 
       1.473411329822e-02       2.517538832838e+04 
       1.486143993117e-02       2.519440042753e+04 
       1.498880516633e-02       2.521149664207e+04 
       1.511620935052e-02       2.522674718099e+04 
       1.524365285115e-02       2.524018889036e+04 
       1.537113605613e-02       2.525184848400e+04 
       1.549865937390e-02       2.526174033800e+04 
       1.562622323333e-02       2.526981481639e+04 
       1.575382808381e-02       2.527621886918e+04 
       1.588147439525e-02       2.528089144729e+04 
       1.600916265812e-02       2.528389249198e+04 
       1.613689338354e-02       2.528528426383e+04 
       1.626466710336e-02       2.528496124710e+04 
       1.639248437025e-02       2.528305346077e+04 
       1.652034575789e-02       2.527956216171e+04 
       1.664825186101e-02       2.527449996971e+04 
       1.677620329565e-02       2.526786191056e+04 
       1.690420069928e-02       2.525978353030e+04 
       1.703224473101e-02       2.525017906640e+04 
       1.716033607180e-02       2.523902406588e+04 
       1.728847542471e-02       2.522648244328e+04 
       1.741666351509e-02       2.521244370542e+04 
       1.754490109093e-02       2.519706499315e+04 
       1.767318892304e-02       2.518026439400e+04 
       1.780152780542e-02       2.516211128897e+04 
       1.792991855554e-02       2.514254494616e+04 
       1.805836201466e-02       2.512159529627e+04 
       1.818685904820e-02       2.509944399837e+04 
       1.831541054609e-02       2.507599034191e+04 
       1.844401742313e-02       2.505123517658e+04 
       1.857268061942e-02       2.502521508253e+04 
       1.870140110074e-02       2.499795355891e+04 
       1.883017985901e-02       2.496955055842e+04 
       1.895901791271e-02       2.493990109401e+04 
       1.908791630734e-02       2.490910749695e+04 
       1.921687611595e-02       2.487709646418e+04 
       1.934589843959e-02       2.484408833450e+04 
       1.947498440784e-02       2.480987347939e+04 
       1.960413517938e-02       2.477457516400e+04 
       1.973335194251e-02       2.473823563638e+04 
       1.986263591573e-02       2.470077633858e+04 
       1.999198834837e-02       2.466231045417e+04 
       2.012141052117e-02       2.462283272023e+04 
       2.025090374694e-02       2.458233440087e+04 
       2.038046937121e-02       2.454084401999e+04 
       2.051010877292e-02       2.449840519102e+04 
       2.063982336510e-02       2.445499937994e+04 
       2.076961459564e-02       2.441071282920e+04 
       2.089948394799e-02       2.436549017808e+04 
       2.102943294198e-02       2.431933435387e+04 
       2.115946313458e-02       2.427229398858e+04 
       2.128957612075e-02       2.422443322582e+04 
       2.141977353427e-02       2.417573748909e+04 
       2.155005704865e-02       2.412618377802e+04 
       2.168042837798e-02       2.407585458131e+04 
       2.181088927794e-02       2.402465670784e+04 
       2.194144154667e-02       2.397274796477e+04 
       2.207208702585e-02       2.392001314417e+04 
       2.220282760166e-02       2.386658393547e+04 
       2.233366520588e-02       2.381243964543e+04 
       2.246460181695e-02       2.375747263626e+04 
       2.259563946109e-02       2.370185336650e+04 
       2.272678021349e-02       2.364556554196e+04 
       2.285802619947e-02       2.358860844835e+04 
       2.298937959575e-02       2.353101111963e+04 
       2.312084263168e-02       2.347271252227e+04 
       2.325241759057e-02       2.341378145726e+04 
       2.338410681105e-02       2.335433891774e+04 
       2.351591268847e-02       2.329414724251e+04 
       2.364783767631e-02       2.323346420249e+04 
       2.377988428770e-02       2.317220625853e+04 
       2.391205509694e-02       2.311027270013e+04 
       2.404435274109e-02       2.304789533833e+04 
       2.417677992160e-02       2.298500725927e+04 
       2.430933940600e-02       2.292155358623e+04 
       2.444203402965e-02       2.285764053429e+04 
       2.457486669754e-02       2.279314187362e+04 
       2.470784038613e-02       2.272822769186e+04 
       2.484095814532e-02       2.266277838391e+04 
       2.497422310038e-02       2.259699175249e+04 
       2.510763845405e-02       2.253070937092e+04 
       2.524120748863e-02       2.246395618834e+04 
       2.537493356820e-02       2.239675173172e+04 
       2.550882014087e-02       2.232930756793e+04 
       2.564287074114e-02       2.226128092573e+04 
       2.577708899232e-02       2.219298721542e+04 
       2.591147860904e-02       2.212426152138e+04 
       2.604604339985e-02       2.205518246648e+04 
       2.618078726993e-02       2.198576145976e+04 
       2.631571422386e-02       2.191605582976e+04 
       2.645082836848e-02       2.184592344509e+04 
       2.658613391594e-02       2.177555767546e+04 
       2.672163518675e-02       2.170483550752e+04 
       2.685733661298e-02       2.163382491166e+04 
       2.699324274163e-02       2.156254200471e+04 
       2.712935823805e-02       2.149103361429e+04 
       2.726568788951e-02       2.141910538474e+04 
       2.740223660892e-02       2.134714469695e+04 
       2.753900943868e-02       2.127479026254e+04 
       2.767601155469e-02       2.120220986724e+04 
       2.781324827043e-02       2.112940496414e+04 
       2.795072504137e-02       2.105638720418e+04 
       2.808844746935e-02       2.098327786277e+04 
       2.822642130727e-02       2.090987023073e+04 
       2.836465246393e-02       2.083624062394e+04 
       2.850314700900e-02       2.076250779796e+04 
       2.864191117832e-02       2.068853979542e+04 
       2.878095137924e-02       2.061443863777e+04 
       2.892027419635e-02       2.054019051358e+04 
       2.905988639732e-02       2.046577599976e+04 
       2.919979493904e-02       2.039123529327e+04 
       2.934000697399e-02       2.031656074524e+04 
       2.948052985690e-02       2.024180229771e+04 
       2.962137115167e-02       2.016684955087e+04 
       2.976253863858e-02       2.009176590600e+04 
       2.990404032186e-02       2.001665967801e+04 
       3.004588443753e-02       1.994142400342e+04 
       3.018807946158e-02       1.986614131293e+04 
       3.033063411859e-02       1.979076906318e+04 
       3.047355739063e-02       1.971533828993e+04 
       3.061685852663e-02       1.963955818139e+04 
       3.076054705216e-02       1.956413145872e+04 
       3.090463277965e-02       1.948847193134e+04 
       3.104912581904e-02       1.941277663658e+04 
       3.119403658906e-02       1.933696799125e+04 
       3.133937582884e-02       1.926113780522e+04 
       3.148515461026e-02       1.918529354228e+04 
       3.163138435079e-02       1.910953377251e+04 
       3.177807682697e-02       1.903356761151e+04 
       3.192524418854e-02       1.895765674600e+04 
       3.207289897329e-02       1.888171932288e+04 
       3.222105412266e-02       1.880582588563e+04 
       3.236972299806e-02       1.872976447848e+04 
       3.251891939811e-02       1.865393256558e+04 
       3.266865757667e-02       1.857802327099e+04 
       3.281895226191e-02       1.850208742848e+04 
       3.296981867627e-02       1.842617116688e+04 
       3.312127255756e-02       1.835024074388e+04 
       3.327333018116e-02       1.827432258838e+04 
       3.342600838339e-02       1.819871055644e+04 
       3.357932458625e-02       1.812272766806e+04 
       3.373329682338e-02       1.804703594167e+04 
       3.388794376765e-02       1.797121269015e+04 
       3.404328476011e-02       1.789548093275e+04 
       3.419933984081e-02       1.781982494876e+04 
       3.435612978119e-02       1.774420026844e+04 
       3.451367611853e-02       1.766844931930e+04 
       3.467200119232e-02       1.759291506776e+04 
       3.483112818289e-02       1.751762958871e+04 
       3.499108115232e-02       1.744206561154e+04 
       3.515188508786e-02       1.736659528913e+04 
       3.531356594811e-02       1.729114414393e+04 
       3.547615071197e-02       1.721576410408e+04 
       3.563966743082e-02       1.714069747240e+04 
       3.580414528400e-02       1.706541784923e+04 
       3.596961463789e-02       1.699029331048e+04 
       3.613610710890e-02       1.691510908393e+04 
       3.630365563070e-02       1.684026993068e+04 
       3.647229452593e-02       1.676515278774e+04 
       3.664205958289e-02       1.669025855347e+04 
       3.681298813753e-02       1.661536075582e+04 
       3.698511916119e-02       1.654050495476e+04 
       3.715849335466e-02       1.646570869987e+04 
       3.733315324901e-02       1.639101142436e+04 
       3.750914331380e-02       1.631633017262e+04 
       3.768651007341e-02       1.624181551897e+04 
       3.786530223208e-02       1.616720830176e+04 
       3.804557080858e-02       1.609268397349e+04 
       3.822736928137e-02       1.601809604746e+04 
       3.841075374513e-02       1.594364333524e+04 
       3.859578307993e-02       1.586927582611e+04 
       3.878251913410e-02       1.579490103746e+04 
       3.897102692229e-02       1.572051991641e+04 
       3.916137484004e-02       1.564610843936e+04 
       3.935363489678e-02       1.557184446569e+04 
       3.954788296897e-02       1.549758464836e+04 
       3.974419907557e-02       1.542327433073e+04 
       3.994266767822e-02       1.534899700903e+04 
       4.014337800878e-02       1.527476167580e+04 
       4.034642442726e-02       1.520043248262e+04 
       4.055190681356e-02       1.512607386112e+04 
       4.075993099685e-02       1.505184511372e+04 
       4.097060922701e-02       1.497751101960e+04 
       4.118406069299e-02       1.490320316805e+04 
       4.140041209395e-02       1.482867286891e+04 
       4.161979826940e-02       1.475417973676e+04 
       4.184236289596e-02       1.467972586210e+04 
       4.206825925907e-02       1.460504435770e+04 
       4.229765110945e-02       1.453039357088e+04 
       4.253071361560e-02       1.445560979385e+04 
       4.276763442527e-02       1.438072694539e+04 
       4.300861485101e-02       1.430568227727e+04 
       4.325387119727e-02       1.423053261155e+04 
       4.350363624949e-02       1.415518391878e+04 
       4.375816094906e-02       1.407972102639e+04 
       4.401771628207e-02       1.400397116454e+04 
       4.428259541489e-02       1.392816006980e+04 
       4.455311611533e-02       1.385195585555e+04 
       4.482962350564e-02       1.377563027511e+04 
       4.511249320189e-02       1.369898213157e+04 
       4.540213490528e-02       1.362199242545e+04 
       4.569899652358e-02       1.354461330655e+04 
       4.600356891681e-02       1.346704760018e+04 
       4.631639138093e-02       1.338893715832e+04 
       4.663805800722e-02       1.331049699822e+04 
       4.696922508511e-02       1.323141587977e+04 
       4.731061975356e-02       1.315196317886e+04 
       4.766305015287e-02       1.307182387791e+04 
       4.802741738729e-02       1.299103808965e+04 
       4.840472968330e-02       1.290963237470e+04 
       4.879611922195e-02       1.282737717374e+04 
       4.920286224287e-02       1.274432222107e+04 
       4.962640316930e-02       1.266034506882e+04 
       5.006838369685e-02       1.257530193559e+04 
       5.053067803480e-02       1.248908119101e+04 
       5.101543580257e-02       1.240156160347e+04 
       5.152513447940e-02       1.231250235582e+04 
       5.206264380084e-02       1.222179930723e+04 
       5.263130510189e-02       1.212923623396e+04 
       5.323502932412e-02       1.203444011638e+04 
       5.387841819685e-02       1.193710001261e+04 
       5.456691385969e-02       1.183681635192e+04 
       5.530698264359e-02       1.173301060438e+04 
       5.610633827820e-02       1.162497807218e+04 
       5.697420723471e-02       1.151186771193e+04 
       5.792163189745e-02       1.139245878102e+04 
       5.896179148813e-02       1.126518598616e+04 
       6.011028889928e-02       1.112796480339e+04 
       6.138529333295e-02       1.097797994405e+04 
       6.280733357141e-02       1.081152034542e+04 
       6.439840952960e-02       1.062368583766e+04 
       6.617998858883e-02       1.040843303795e+04 
       6.816954984804e-02       1.015880268502e+04 
       7.037591935242e-02       9.868021492106e+03 
       7.279481639896e-02       9.531372445862e+03 
       7.540710417249e-02       9.148554546303e+03 
       7.818164524482e-02       8.725569875143e+03 
       8.108191809816e-02       8.274839034530e+03 
       8.407304963185e-02       7.813259879606e+03 
       8.712628385035e-02       7.359123841699e+03 
       9.022026526661e-02       6.929361612209e+03 
       9.334023940241e-02       6.537239227375e+03 
       9.647649045605e-02       6.191347493471e+03 
       9.962281575992e-02       5.895554484414e+03 
       1.027753320707e-01       5.649375170393e+03 
       1.059316375106e-01       5.448681326485e+03 
       1.090902574128e-01       5.286782044945e+03 
       1.122502903916e-01       5.155111880736e+03 
       1.154111868867e-01       5.044254688078e+03 
       1.185726122895e-01       4.944802328674e+03 
       1.217343629682e-01       4.847987819112e+03 
       1.248963149757e-01       4.746571773929e+03 
       1.280583928041e-01       4.635421619335e+03 
       1.312205503809e-01       4.511737447962e+03 
       1.343827595215e-01       4.375230262035e+03 
       1.375450029156e-01       4.227785630317e+03 
       1.407072698689e-01       4.073008050507e+03 
       1.438695537166e-01       3.915482749431e+03 
       1.470318502534e-01       3.760142758479e+03 
       1.501941567790e-01       3.611604592367e+03 
       1.533564715176e-01       3.473715525305e+03 
       1.565187932656e-01       3.349210922205e+03 
       1.596811211756e-01       3.239605799855e+03 
       1.628434546254e-01       3.145200251478e+03 
       1.660057931373e-01       3.065195950604e+03 
       1.691681363286e-01       2.997894929070e+03 
       1.723304838808e-01       2.940944906023e+03 
       1.754928355205e-01       2.891587299815e+03 
       1.786551910071e-01       2.846929914714e+03 
       1.818175501249e-01       2.804675888309e+03 
       1.849799126781e-01       2.761983887211e+03 
       1.881422784872e-01       2.716712001920e+03 
       1.913046473863e-01       2.667558724772e+03 
       1.944670192219e-01       2.613998260587e+03 
       1.976293938506e-01       2.556258720512e+03 
       2.007917711389e-01       2.495232623290e+03 
       2.039541509616e-01       2.432215646041e+03 
       2.071165332015e-01       2.368755572441e+03 
       2.102789177487e-01       2.306378115914e+03 
       2.134413044996e-01       2.246441167808e+03 
       2.166036933571e-01       2.190029152778e+03 
       2.197660842296e-01       2.137919373879e+03 
       2.229284770306e-01       2.090523992662e+03 
       2.260908716786e-01       2.047964017429e+03 
       2.292532680967e-01       2.010020277104e+03 
       2.324156662122e-01       1.976237668272e+03 
       2.355780659561e-01       1.945908279415e+03 
       2.387404672635e-01       1.918191677748e+03 
       2.419028700725e-01       1.892187651315e+03 
       2.450652743247e-01       1.867011598084e+03 
       2.482276799646e-01       1.841912119840e+03 
       2.513900869394e-01       1.816293560003e+03 
       2.545524951991e-01       1.789774110391e+03 
       2.577149046961e-01       1.762177327210e+03 
       2.608773153852e-01       1.733514043300e+03 
       2.640397272232e-01       1.703974269792e+03 
       2.672021401692e-01       1.673881477677e+03 
       2.703645541840e-01       1.643656896067e+03 
       2.735269692303e-01       1.613762645204e+03 
       2.766893852726e-01       1.584654691578e+03 
       2.798518022768e-01       1.556728427042e+03 
       2.830142202107e-01       1.530284062743e+03 
       2.861766390432e-01       1.505488409859e+03 
       2.893390587446e-01       1.482388231084e+03 
       2.925014792867e-01       1.460913181841e+03 
       2.956639006423e-01       1.440913919909e+03 
       2.988263227854e-01       1.422172924173e+03 
       3.019887456913e-01       1.404435477559e+03 
       3.051511693360e-01       1.387445606432e+03 
       3.083135936967e-01       1.370939738080e+03 
       3.114760187514e-01       1.354683201338e+03 
       3.146384444792e-01       1.338478030788e+03 
       3.178008708599e-01       1.322176944672e+03 
       3.209632978740e-01       1.305700838139e+03 
       3.241257255030e-01       1.289037020716e+03 
       3.272881537289e-01       1.272233491331e+03 
       3.304505825345e-01       1.255383114484e+03 
       3.336130119032e-01       1.238607576349e+03 
       3.367754418192e-01       1.222030786287e+03 
       3.399378722670e-01       1.205776589542e+03 
       3.431003032319e-01       1.189949885891e+03 
       3.462627346996e-01       1.174636977545e+03 
       3.494251666565e-01       1.159900257888e+03 
       3.525875990893e-01       1.145772112905e+03 
       3.557500319853e-01       1.132254394996e+03 
       3.589124653321e-01       1.119319165724e+03 
       3.620748991180e-01       1.106909698195e+03 
       3.652373333314e-01       1.094942303580e+03 
       3.683997679613e-01       1.083331705835e+03 
       3.715622029970e-01       1.071992333627e+03 
       3.747246384283e-01       1.060849470878e+03 
       3.778870742450e-01       1.049843811828e+03 
       3.810495104377e-01       1.038934106463e+03 
       3.842119469969e-01       1.028095496027e+03 
       3.873743839137e-01       1.017314565467e+03 
       3.905368211793e-01       1.006594296293e+03 
       3.936992587854e-01       9.959461044365e+02 
       3.968616967236e-01       9.853914908716e+02 
       4.000241349862e-01       9.749644834159e+02 
       4.031865735654e-01       9.646983720656e+02 
       4.063490124538e-01       9.546262864467e+02 
       4.095114516443e-01       9.447745350971e+02 
       4.126738911299e-01       9.351594651172e+02 
       4.158363309038e-01       9.257872442692e+02 
       4.189987709594e-01       9.166567335604e+02 
       4.221612112905e-01       9.077597495572e+02 
       4.253236518908e-01       8.990874245314e+02 
       4.284860927543e-01       8.906256404916e+02 
       4.316485338753e-01       8.823588623787e+02 
       4.348109752481e-01       8.742664719446e+02 
       4.379734168673e-01       8.663263363881e+02 
       4.411358587274e-01       8.585155798072e+02 
       4.442983008235e-01       8.508132984383e+02 
       4.474607431503e-01       8.432036107190e+02 
       4.506231857031e-01       8.356773627338e+02 
       4.537856284772e-01       8.282301957181e+02 
       4.569480714678e-01       8.208623064016e+02 
       4.601105146706e-01       8.135774342993e+02 
       4.632729580811e-01       8.063798741660e+02 
       4.664354016952e-01       7.992741856602e+02 
       4.695978455087e-01       7.922666926397e+02 
       4.727602895176e-01       7.853646333811e+02 
       4.759227337179e-01       7.785761461957e+02 
       4.790851781060e-01       7.719083847618e+02 
       4.822476226780e-01       7.653662193946e+02 
       4.854100674303e-01       7.589504101979e+02 
       4.885725123595e-01       7.526578610578e+02 
       4.917349574622e-01       7.464818424825e+02 
       4.948974027349e-01       7.404137721313e+02 
       4.980598481745e-01       7.344451930605e+02 
       5.012222937778e-01       7.285688224106e+02 
       5.043847395416e-01       7.227776534881e+02 
       5.075471854630e-01       7.170661822785e+02 
       5.107096315391e-01       7.114288781952e+02 
       5.138720777669e-01       7.058604948779e+02 
       5.170345241437e-01       7.003568988684e+02 
       5.201969706668e-01       6.949150651141e+02 
       5.233594173335e-01       6.895350268425e+02 
       5.265218641412e-01       6.842182519031e+02 
       5.296843110873e-01       6.789673707931e+02 
       5.328467581694e-01       6.737850659531e+02 
       5.360092053852e-01       6.686730652806e+02 
       5.391716527321e-01       6.636323687584e+02 
       5.423341002080e-01       6.586616059524e+02 
       5.454965478105e-01       6.537599357107e+02 
       5.486589955375e-01       6.489268871994e+02 
       5.518214433869e-01       6.441612329840e+02 
       5.549838913565e-01       6.394623026693e+02 
       5.581463394442e-01       6.348297407497e+02 
       5.613087876482e-01       6.302611847327e+02 
       5.644712359664e-01       6.257534948316e+02 
       5.676336843968e-01       6.213033057969e+02 
       5.707961329378e-01       6.169077256276e+02 
       5.739585815873e-01       6.125642558309e+02 
       5.771210303436e-01       6.082717049658e+02 
       5.802834792050e-01       6.040291970600e+02 
       5.834459281698e-01       5.998360101511e+02 
       5.866083772362e-01       5.956913758733e+02 
       5.897708264027e-01       5.915939784895e+02 
       5.929332756676e-01       5.875424215191e+02 
       5.960957250293e-01       5.835360183008e+02 
       5.992581744864e-01       5.795741534023e+02 
       6.024206240373e-01       5.756573742878e+02 
       6.055830736805e-01       5.717865915736e+02 
       6.087455234147e-01       5.679618984983e+02 
       6.119079732383e-01       5.641830611160e+02 
       6.150704231500e-01       5.604493989694e+02 
       6.182328731485e-01       5.567594611073e+02 
       6.213953232324e-01       5.531118294027e+02 
       6.245577734005e-01       5.495054852627e+02 
       6.277202236513e-01       5.459399940509e+02 
       6.308826739838e-01       5.424147421486e+02 
       6.340451243966e-01       5.389291572112e+02 
       6.372075748886e-01       5.354822221625e+02 
       6.403700254586e-01       5.320726540458e+02 
       6.435324761055e-01       5.286988724004e+02 
       6.466949268280e-01       5.253598950992e+02 
       6.498573776252e-01       5.220549301515e+02 
       6.530198284959e-01       5.187838995780e+02 
       6.561822794391e-01       5.155468308099e+02 
       6.593447304536e-01       5.123436953950e+02 
       6.625071815385e-01       5.091740734591e+02 
       6.656696326929e-01       5.060371561916e+02 
       6.688320839156e-01       5.029321351433e+02 
       6.719945352057e-01       4.998583194416e+02 
       6.751569865623e-01       4.968154408534e+02 
       6.783194379844e-01       4.938034941013e+02 
       6.814818894712e-01       4.908223625433e+02 
       6.846443410217e-01       4.878719645471e+02 
       6.878067926351e-01       4.849518024286e+02 
       6.909692443104e-01       4.820610489858e+02 
       6.941316960469e-01       4.791987163626e+02 
       6.972941478437e-01       4.763641267132e+02 
       7.004565996999e-01       4.735568485095e+02 
       7.036190516149e-01       4.707765378164e+02 
       7.067815035877e-01       4.680231764598e+02 
       7.099439556176e-01       4.652964765586e+02 
       7.131064077039e-01       4.625959893882e+02 
       7.162688598458e-01       4.599209824093e+02 
       7.194313120426e-01       4.572707685564e+02 
       7.225937642935e-01       4.546448165825e+02 
       7.257562165979e-01       4.520428815668e+02 
       7.289186689550e-01       4.494652077871e+02 
       7.320811213641e-01       4.469112366214e+02 
       7.352435738247e-01       4.443809025375e+02 
       7.384060263359e-01       4.418743029151e+02 
       7.415684788972e-01       4.393906401899e+02 
       8.101436263262e-01       3.905760596671e+02 
       9.092790899527e-01       3.336404179876e+02 
       1.066749319834e+00       2.657985451699e+02 
       1.315977912396e+00       1.930015619920e+02 
       1.654482378711e+00       1.316344573704e+02 
       2.082831189227e+00       8.603559332723e+01 
       2.622128983146e+00       5.398277759980e+01 
       3.301064809824e+00       3.268262276655e+01 
       4.155794375067e+00       1.923868558189e+01 
       5.231835144964e+00       1.109113749232e+01 
       6.586490214313e+00       6.298934574412e+00 
       8.291899905332e+00       3.539763995184e+00 
